LMM GLMM GEE
-0.0227550980523425 -0.0232136083763537 -0.0238756528637317
-0.0219503685687562 -0.0231772746755279 -0.0222192490787576
-0.0242724176121574 -0.0277312916293874 -0.0247605940097723
-0.0127620235526583 -0.0124702667617599 -0.0133504946986509
-0.0283942953819302 -0.029280571915145 -0.0276026656441604
-0.0305419478918864 -0.0301049091228724 -0.0300864141821034
-0.025268679835984 -0.0279829989604372 -0.0276718187349929
-0.0176650767235025 -0.0171020129560076 -0.0179622690535252
-0.028077467330441 -0.03323480976572 -0.0269077231343132
-0.0280824570757421 -0.0281814927074341 -0.0301510842162481
-0.0243769242263759 -0.025083747343983 -0.0244505887069635
-0.0219046902552445 -0.0226557214838252 -0.0213905254545883
-0.0295726506056394 -0.0301419096802986 -0.0273781935759017
-0.016442362396473 -0.0213598174322243 -0.0154070711869179
-0.0160719630619782 -0.0145681587197886 -0.0158228018638972
-0.0347782931793083 -0.0330792473085275 -0.0341036865030615
-0.0351617609934123 -0.0347693909168552 -0.0341820283293953
-0.0311640038612704 -0.0271954112540388 -0.0311831299209746
-0.0339657815231464 -0.0342248408914017 -0.0337616391346308
-0.0243890581037098 -0.0224498481533549 -0.0238695385922286
-0.0225253401518067 -0.0247790604083943 -0.0234680281324298
-0.0246439091407798 -0.0290011505865839 -0.0237049037584287
-0.033748090302785 -0.0328785973484041 -0.0310053974744775
-0.0278539158201636 -0.0289686937454051 -0.0262051037412724
-0.0318191579018388 -0.0332755248601894 -0.0351927364353997
-0.028049506261141 -0.0283811236383105 -0.026525273598066
-0.0206310263337714 -0.0243715509809309 -0.0214781073496143
-0.0185141662963079 -0.0190311802208012 -0.0174769370412573
-0.0207767078173838 -0.0263293049063647 -0.020190880736872
-0.0233360803083021 -0.021693579637466 -0.0232600925171196
-0.0199961944541287 -0.0206137985090518 -0.0195903796027717
-0.0362727428128531 -0.0301906996020046 -0.0360595000215164
-0.02270109238316 -0.0288840895392623 -0.023100741846342
-0.0266137775889127 -0.0278589608896615 -0.0257957393078982
-0.026119215865132 -0.0272048940421703 -0.0260384814519527
-0.0295607231193095 -0.0321977559615952 -0.0299263395877004
-0.0365084721612231 -0.032714324932321 -0.0370504664178853
-0.0192546362428628 -0.0194136116538694 -0.0210575512059057
-0.0144598110165454 -0.0192892947413615 -0.0147633792083127
-0.0242499868672756 -0.0211513713101076 -0.0237242089911606
-0.0242008236822199 -0.0263511308871903 -0.0262944899504159
-0.0178614372859335 -0.0210920461692852 -0.0179085037107913
-0.026659249696594 -0.0263525491183631 -0.0270963103117137
-0.0237764068256139 -0.0256766574440008 -0.0230294425995871
-0.0315016555643274 -0.0274501572490727 -0.0294394619057656
-0.025114221429228 -0.0257527279435463 -0.0237803722756467
-0.0274615655504894 -0.029180420510961 -0.0279355708126993
-0.0215461843237499 -0.025463057702342 -0.0206625543697519
-0.0239896546346997 -0.0235058926426758 -0.0251671446656349
-0.030204504580011 -0.0243126793870565 -0.0293050110239369
-0.029039805215164 -0.0290080661497446 -0.0295585401388034
-0.0263065740481216 -0.0281889789049531 -0.0264699279710755
-0.0316055948872537 -0.0347232528287424 -0.0323885457950074
-0.0241233084764118 -0.0266313797786955 -0.0238474636883651
-0.0230039548003575 -0.0233065217017478 -0.0236995966930977
-0.0237859571072152 -0.0215605670484451 -0.0245730731305727
-0.0244087646085985 -0.0280033525302469 -0.0259531037701466
-0.0240192592315523 -0.0260891098319173 -0.0230476167877941
-0.0255750118417046 -0.0275331363428132 -0.0270701234412046
-0.0345702173241343 -0.0368603677922722 -0.035520940019808
-0.0337660852277204 -0.0291532219917826 -0.0313802758943891
-0.0257130396762645 -0.0223015870512692 -0.0274723713471292
-0.0306921622966293 -0.0306005506196866 -0.0292978314598112
-0.0224932921461843 -0.0265652455746259 -0.0236407910927267
-0.0309024527537873 -0.0256715014693103 -0.0294076521224383
-0.0216495634610555 -0.0224625753244985 -0.0217446988375664
-0.0270807758683558 -0.0306425329529161 -0.027449156327468
-0.0277609998557584 -0.0291121413080097 -0.0289123687874337
-0.031240429342586 -0.0326055209425372 -0.0315115852907295
-0.0307383457257873 -0.0284653029411862 -0.0311807220758265
-0.035045557018301 -0.030804489001137 -0.0322860987512172
-0.0258569014283637 -0.0227938181121479 -0.026383080385403
-0.0265689742806377 -0.0249014918449904 -0.0262023569967805
-0.0379541412380262 -0.032924855775454 -0.0387148264686425
-0.0224999698017518 -0.0284433480384656 -0.0223599224321262
-0.0227784037305028 -0.0248936267349463 -0.0227453742885554
-0.0264287216931742 -0.0316338747995848 -0.0266443572483184
-0.0323681008679397 -0.0274592477317876 -0.0303757248100858
-0.0342564960538203 -0.0318995923434691 -0.0372206220027668
-0.0349784862989427 -0.0337059110612096 -0.0340867127163509
-0.0197191691518964 -0.0202680097175745 -0.0202810009462317
-0.0255523632087011 -0.0256548461141616 -0.0261860673671917
-0.0230633099368772 -0.0261874653138901 -0.0238198998633928
-0.0245007598728201 -0.0267521611829854 -0.0254936932375899
-0.0197844435342212 -0.0235346195386383 -0.0203300685953988
-0.0207999866544912 -0.0186408136350383 -0.0206446527342139
-0.0269841576262323 -0.0247801565489359 -0.0256520688708995
-0.0222310229023252 -0.0232742702978453 -0.022817209566947
-0.026469146531329 -0.0267909502003035 -0.0260630114809519
-0.0210498894448436 -0.0201845332909962 -0.0198161200635994
-0.0390370824548618 -0.0376768261212426 -0.0376627795555752
-0.0154186301961156 -0.0201908361020033 -0.0153990506985457
-0.0244264154787055 -0.022528064912869 -0.024636856596491
-0.0228003741224467 -0.0262578532371117 -0.0223956315162739
-0.0246946864488346 -0.0252232076554302 -0.024650394680309
-0.0246168673369755 -0.0254375454691412 -0.0240981606385969
-0.0109803906483492 -0.0136666462703271 -0.0113313944038778
-0.016499631296422 -0.0170375669536398 -0.0165035503856288
-0.0267747828762028 -0.0221413902969305 -0.0264061044386027
-0.025934986593627 -0.0243972422834514 -0.0257510336623929
-0.02653188082283 -0.0256960125864456 -0.0257471801190318
-0.0245346082452892 -0.0272527826101097 -0.0237525135377319
-0.0328377513867059 -0.0312131720257278 -0.0331271256441353
-0.0238342284981075 -0.0266080891936409 -0.0240085510073897
-0.0190380335803016 -0.0207615087050038 -0.0200771922962861
-0.0195799970787763 -0.0190165300206231 -0.0187256891207013
-0.0261664893251744 -0.0300959530305642 -0.0269901237462984
-0.0154671349474846 -0.0232532111769416 -0.0156524705293644
-0.022670910115378 -0.0255432529069698 -0.0228325827733741
-0.020190139024575 -0.022801808127488 -0.0198412230894392
-0.0280113716789555 -0.029533693898453 -0.0274652929271239
-0.0261120641901992 -0.0253258921593921 -0.0264966638210844
-0.0210887033793184 -0.0257619388701579 -0.0208305280965619
-0.028057218779758 -0.0287062409888286 -0.0271117996908383
-0.0254950696932452 -0.0242691574721377 -0.0262445444951159
-0.0239328020136179 -0.020220588307454 -0.0233909673168943
-0.0198381002139489 -0.0236208572859225 -0.0187667505005107
-0.0276760905059792 -0.0279035673474484 -0.0261561783232618
-0.0280933207311644 -0.0277868020951177 -0.028083343131693
-0.0127520242117234 -0.0152323512209292 -0.0126176415283824
-0.0243813826545708 -0.0263367288154067 -0.024083647060281
-0.0192005899875329 -0.023478645839783 -0.0194686034109766
-0.0174775797169448 -0.020999413542428 -0.0182198960007289
-0.0254442687025409 -0.021290675911207 -0.0253756386273266
-0.0185067447846846 -0.0174021511920855 -0.0195753650548666
-0.0233021118516539 -0.027076964796604 -0.0229815001444743
-0.0242952802364416 -0.028462784282682 -0.0253612422484769
-0.0248608499097204 -0.0276028538359474 -0.0245886914248427
-0.0105403557538364 -0.0157936781283753 -0.0105313048107364
-0.026556001045265 -0.0299458248048057 -0.0259807384747487
-0.0148441044706742 -0.0209583012278229 -0.0153119300053732
-0.028833502943167 -0.0313560432698799 -0.0290726492420125
-0.0194515203846526 -0.0218371123227119 -0.020183589032488
-0.023991308433562 -0.0264856305910031 -0.024317877236401
-0.0261667012676724 -0.0267993541187131 -0.0254319056655271
-0.025128674136872 -0.0281193471825988 -0.0254873022527757
-0.0233815316489849 -0.027401532747763 -0.0251699706813511
-0.0237760896478451 -0.0246476267293921 -0.0229179350084356
-0.0156006640615981 -0.0162316321557042 -0.0148263199467001
-0.0196994605610655 -0.0226060543120547 -0.0204997196334292
-0.0228165757411423 -0.0225819540166034 -0.022208482063754
-0.0210548237578587 -0.0211466864463273 -0.0201295940426059
-0.02748712370749 -0.0295163544700489 -0.0281493513212594
-0.0262383440148899 -0.0291925427657165 -0.0256250876787086
-0.0204192446651608 -0.0231133926214933 -0.0204216453955697
-0.0246302983660245 -0.0244084024141022 -0.0257811921900724
-0.0195289526225151 -0.0196585087341303 -0.0190199086669996
-0.0332241694261024 -0.0322854412785703 -0.0331484204902823
-0.0243179283172713 -0.0230998679335737 -0.0242428620275024
-0.0205310005557623 -0.0239770249052508 -0.0206977230086266
-0.0217193382616559 -0.0261608233133927 -0.0215385016807554
-0.0170796473226504 -0.0200393333763938 -0.017322087779591
-0.0218788373324464 -0.0224143220327227 -0.020592234427951
-0.0205797395914141 -0.0215484857878878 -0.0202205216814852
-0.028333715804438 -0.0240450443270694 -0.0261332354766455
-0.0217725041137258 -0.0237802839856 -0.0215269599519912
-0.0226534488818323 -0.0234255055086817 -0.0224432811874333
-0.00844607288703339 -0.0164474460932159 -0.00850446869003467
-0.0177810229059399 -0.0179754582329803 -0.0180316728878951
-0.0190933385399191 -0.0187145384139664 -0.0189967488826203
-0.02455823406993 -0.0229663573353954 -0.023121333317854
-0.0307144874884117 -0.0295620842882804 -0.0299252358836988
-0.0298622106389606 -0.0318443024267625 -0.0294786158507626
-0.0392994455175857 -0.0396473263178703 -0.0398359221609388
-0.0215593659483219 -0.0223848223131999 -0.0228675697748293
-0.0195955382230215 -0.0213440621849053 -0.0192516689584538
-0.0310886053997493 -0.0295250694788536 -0.0316409537408519
-0.0277191602250351 -0.0286958265200518 -0.0301815527270607
-0.0279702808883961 -0.030404273537942 -0.0273798103810052
-0.029596963113632 -0.0296369980971349 -0.0322313874666529
-0.0140246214029629 -0.0187480681352873 -0.0144460601625242
-0.0265259393723327 -0.027960017901432 -0.0249684171789341
-0.0141705809734565 -0.0203806504193316 -0.014762239015818
-0.0276829257165551 -0.0239256280569282 -0.0271512680085694
-0.0208716916281188 -0.0224014078870504 -0.0214194979350546
-0.0407119062440741 -0.0383265251131352 -0.0421438915496358
-0.031735622707826 -0.0301009414282039 -0.0330459339880847
-0.0151244831187976 -0.018131154134093 -0.0143720334452411
-0.0329598974458636 -0.0336179832945264 -0.0319639616749792
-0.0232809937788929 -0.0254350824917366 -0.0244012464614338
-0.0279801637863092 -0.0310029840925446 -0.0267389259966924
-0.0227290060771645 -0.0205006789527211 -0.0211703333669414
-0.0234117362773068 -0.02479297156755 -0.0236029825290681
-0.0283229865681563 -0.0268852173979961 -0.0282575186332738
-0.0286354487351217 -0.0269874533681788 -0.0278072961797043
-0.0209835798417813 -0.0250143239293248 -0.0215972607298675
-0.0265689767037613 -0.0239943402417217 -0.0252603021746725
-0.0207824367501389 -0.0235206462684659 -0.0193726587782874
-0.0231110255155243 -0.022859155592973 -0.0224613255097162
-0.0244317873800579 -0.0282193560982756 -0.0257803865313465
-0.0274369317716081 -0.0268938256202847 -0.0271868982342379
-0.0178976622106685 -0.0147824072696881 -0.0176180922463407
-0.0324915965976399 -0.0283997255828645 -0.0308944098292046
-0.0296122980190086 -0.0282835503429114 -0.0289814072525153
-0.0328272714365185 -0.0322566982911068 -0.0338899934847451
-0.0299692631781567 -0.0319900707726627 -0.0312060720273616
-0.0307423514561718 -0.0273356833669067 -0.0317834529886439
-0.0201020985546094 -0.0166539378988787 -0.0203802843226427
-0.0212465896938752 -0.0200283329778131 -0.0209879836705611
-0.0219096672049205 -0.0233285320341946 -0.0213232498107724
-0.0202943280779433 -0.0180203467714461 -0.0203046145639519
-0.0212965936287006 -0.0237667258331698 -0.0207931174706667
-0.0220546451146615 -0.0225020506625129 -0.0217100060263495
-0.0261948532029491 -0.0289597736415332 -0.0253076675108271
-0.0268173521151131 -0.0272440676346245 -0.0275821437792515
-0.027801460839424 -0.0238170207143247 -0.025972342124482
-0.0175822070252286 -0.0204157919408028 -0.0173045658204084
-0.0150218010680982 -0.0161834760261196 -0.014553958082794
-0.0245206617952933 -0.0221563456202341 -0.0270887643940288
-0.0224364880324562 -0.0191266625744914 -0.0202663182387313
-0.0268440677731544 -0.02809364295014 -0.0279710295703792
-0.00570163409387611 -0.01520555788173 -0.00688797223655277
-0.0404521363962846 -0.0404722894639975 -0.0382895916159403
-0.0276519001300051 -0.027055688415004 -0.0273180088515533
-0.0236207659643346 -0.0246803348994978 -0.02357224566406
-0.0307691735997801 -0.0298690324227662 -0.0318624672902324
-0.0246622960113956 -0.0281245096324221 -0.0239686061509651
-0.0241046858052022 -0.0265176306244617 -0.0264095900147577
-0.0285985734081765 -0.0245995621444268 -0.0286780209084145
-0.0264966976684466 -0.0269697639721145 -0.0280385862526567
-0.0286968160614374 -0.0299984323893731 -0.0298467908977669
-0.0289352272209585 -0.0283860230063968 -0.0293940775004263
-0.0183245304469625 -0.0176465023763875 -0.0185560494865598
-0.023278627337007 -0.0202834190556674 -0.0220760163248005
-0.0330526959358827 -0.0325496923939198 -0.0342514798871587
-0.0224567060114943 -0.0163641527735235 -0.0217181035859376
-0.0225556524461837 -0.0254114346527922 -0.0223341841177248
-0.0277880743842246 -0.0245425791802783 -0.0282051301041476
-0.0308269768278813 -0.0300125596022947 -0.0323320924816164
-0.0266642044910954 -0.0298082528742804 -0.0268533169623488
-0.017418306248279 -0.023021394171366 -0.0173340395704957
-0.0215601571758696 -0.0269568958816753 -0.0217168990262674
-0.0172051984868819 -0.0155553826351441 -0.015876762144147
-0.022607477378513 -0.0250147631024529 -0.0218958828777409
-0.0186864285045564 -0.0220863631173415 -0.0183358823204315
-0.0171908962366456 -0.0225414903916653 -0.0176457767794456
-0.014340024694584 -0.018148959605458 -0.0144968212228231
-0.0215722955045669 -0.0233199367286855 -0.0235506855725626
-0.015525746156931 -0.0179271239004452 -0.0155532819190847
-0.0313316608010802 -0.0299307030626119 -0.0322686422099636
-0.027779579651636 -0.0293479462849767 -0.0267362167221363
-0.02699473663259 -0.0230113310455715 -0.0273930570923784
-0.0226779764856276 -0.0229328282299463 -0.0230290048383842
-0.0405790963010565 -0.0343469121051504 -0.0393068914563038
-0.0276260356007295 -0.0252263967659583 -0.0270801023670377
-0.0202677359069027 -0.0211566644966283 -0.0222802221458332
-0.0309889664119677 -0.0295161306247759 -0.0295910793745123
-0.0231164806991953 -0.0247251728102662 -0.0240541871684039
-0.0343010656643595 -0.0325149596708833 -0.0327102612528975
-0.0259957335638438 -0.0272427164187064 -0.0258985558093376
-0.0263765577937961 -0.0274028603782482 -0.0251754348668079
-0.0258187471595549 -0.0302056903530439 -0.0245254003710888
-0.0363815164244104 -0.0331825317781728 -0.0373999348231099
-0.023955132043098 -0.0254660597510762 -0.0237462864883571
-0.0271736179128825 -0.0288480492342897 -0.0286570071713823
-0.0203191499846913 -0.0282033484981464 -0.0200093898168525
-0.0235200184722873 -0.0241197948455115 -0.0214580121484694
-0.0289265553741065 -0.0280260532871678 -0.0277722335589496
-0.0216888146714438 -0.0200041441519829 -0.0214883228614041
-0.0183188901557012 -0.0187408832392775 -0.0189868980647892
-0.0298769398140499 -0.0257250554876138 -0.0281474536840662
-0.0205988517034584 -0.0247362284523514 -0.0220487461438196
-0.0217560272718828 -0.0219850081122027 -0.022433800236992
-0.0233753310710259 -0.0234382571401307 -0.023173508434003
-0.0263745577379064 -0.0302257006037831 -0.0281577627256256
-0.0262162547866104 -0.0275305223869248 -0.0245295144568289
-0.0269853216777111 -0.0255526331645801 -0.0273215851428691
-0.0224670184524923 -0.0232798135963144 -0.0224656375530694
-0.0218571681767465 -0.0226808436179919 -0.0215256228573692
-0.0216769964294034 -0.021076424155718 -0.0209500664056332
-0.0187367725906663 -0.0213591339778015 -0.0177470977693822
-0.0274323488204211 -0.0300148696172876 -0.0281488321413024
-0.0223498760370683 -0.0231216536110779 -0.0211704908099266
-0.0215988274226694 -0.025345798367371 -0.0215419992583005
-0.0269682777295372 -0.0254109880223002 -0.0262661441019813
-0.0151743178150977 -0.0197838734586813 -0.0153253634634073
-0.0227715885570716 -0.0246161477228989 -0.0246776093792105
-0.0114829947066894 -0.0119457923302928 -0.0119004865334398
-0.0302498524107327 -0.0286292211555927 -0.030857960137728
-0.0317457750467321 -0.0314961576325287 -0.0312113765857731
-0.0226876863880631 -0.0227399126907527 -0.0219851466826642
-0.0307005709388168 -0.0284017110150154 -0.0311290864821493
-0.0228307580912546 -0.0269967182425902 -0.0226976727375171
-0.0226368106185661 -0.0254271321817939 -0.0237377608312059
-0.0131534157818832 -0.0133556400836971 -0.0115812054808204
-0.026242277591288 -0.0287590822815797 -0.0274059527546443
-0.0252517306459906 -0.0255199961164245 -0.0253917157115982
-0.0175715512884202 -0.0203920720695467 -0.0192164046202311
-0.0284117267675174 -0.0254799666897183 -0.0294814704979983
-0.0230212255154472 -0.0266002123340183 -0.0236779594304645
-0.0184457599685159 -0.0232091829119266 -0.0187514960694685
-0.019974079950965 -0.0215271051654209 -0.0192082262073783
-0.026105339623191 -0.0320512273676895 -0.0284706459581216
-0.0216037170790889 -0.0228274805145824 -0.0223749636372957
-0.020199941265533 -0.0240738981107004 -0.0210493205476812
-0.0226091531878961 -0.0246539755805615 -0.0234936862217344
-0.0338561190409377 -0.0328703287723672 -0.0361032491227725
-0.0345692532726615 -0.0342866505703057 -0.0324001649053445
-0.0322316839794119 -0.0318057533257626 -0.0325290899456925
-0.0239325085408053 -0.0257069477614967 -0.0243756017611762
-0.0289910355824591 -0.0261259855900442 -0.0263659167202623
-0.0197322921044751 -0.0188999511501872 -0.0195480767651181
-0.0247546886129402 -0.0268735623837634 -0.024792253853587
-0.0287932369271426 -0.0266200945691042 -0.0288613183758099
-0.0206058511115297 -0.024784528164172 -0.0215152844037596
-0.0277799679973194 -0.025675591296091 -0.0286136412510658
-0.0222300158096785 -0.0272045227544905 -0.0227323034201457
-0.025729872318745 -0.0262096208944905 -0.0255571037661496
-0.0347650431112181 -0.0296575096177382 -0.0338840769185639
-0.0232790519206551 -0.0249140385069032 -0.0234161372471493
-0.0243998442011081 -0.0264062325409999 -0.0233985261939976
-0.0198583384604835 -0.0211286614189767 -0.019369365854047
-0.0253759793449518 -0.0261963962552975 -0.0244341963900152
-0.025624088679673 -0.0254260781309255 -0.026754928303775
-0.0158980601364097 -0.0172275095258682 -0.0154851533706844
-0.0177373077626582 -0.0226230215956732 -0.0210035084759797
-0.0254529457455311 -0.0220181525610957 -0.0242546600975641
-0.0218044243412599 -0.028342486214521 -0.0221854836246703
-0.025882533510208 -0.0294820666912733 -0.0244087095461479
-0.0269965549860918 -0.0294104124718273 -0.0272241158715063
-0.0240813471162967 -0.0215130124483827 -0.0231609799223243
-0.0212251589912013 -0.02472634612258 -0.0199544701449276
-0.0232943016618051 -0.0242903207891039 -0.0244266233742836
-0.024202287625272 -0.0215770525141757 -0.0247966340303403
-0.0187143998871263 -0.0177962110207462 -0.0180329366249622
-0.0210667661218781 -0.0224088660489221 -0.0222890483566954
-0.0261314801005999 -0.0299278154728798 -0.0279951882467976
-0.0196393086371082 -0.0234600255805634 -0.0193695358229466
-0.0177364496943588 -0.0246737819072562 -0.0178046258055617
-0.0335047159147756 -0.0348147249665705 -0.0336091908408697
-0.0275252509420474 -0.0260211458926605 -0.0290228642550147
-0.0220259411819976 -0.0218024210427889 -0.0205447779052346
-0.0198400114475569 -0.0226778670384684 -0.0191705759514075
-0.0266011124962804 -0.0282261646862732 -0.0264961066132475
-0.01928909877676 -0.0227357249916521 -0.0198532093315421
-0.0338425930877493 -0.0317400487443235 -0.0340191958466423
-0.0211359236210807 -0.0205102416993937 -0.020717103567872
-0.0268027737933831 -0.0248729801653711 -0.0261084577116146
-0.0290581489635926 -0.0339194907227507 -0.029995779588843
-0.0288884931305943 -0.0301270939274126 -0.0266236539428217
-0.0286228828887419 -0.0271475017192344 -0.0289806614743833
-0.0394054238265929 -0.0376095492412443 -0.0386880610472131
-0.025995374295478 -0.0222961375913679 -0.0261607611066314
-0.0194038939203152 -0.0220474212239999 -0.0199609725710058
-0.0188407796558777 -0.0195906041826065 -0.0180180905009745
-0.0273922609758315 -0.0253023236712745 -0.0265597006264961
-0.0234103281164381 -0.0304167517339654 -0.0243184988275332
-0.0229817548094372 -0.018480147875674 -0.0221227683865667
-0.0220892348135664 -0.0172961837814204 -0.0221773518492706
-0.0195455729721504 -0.0227772212458104 -0.0207371675134496
-0.0197647267649469 -0.0207654767153042 -0.0195370527961466
-0.0312732353360531 -0.0298475355329883 -0.034093840049535
-0.0215087695090051 -0.0220058108732833 -0.0203493468767089
-0.0374676178969446 -0.0339673092971121 -0.0394785408862212
-0.0295041757245597 -0.0296539829597088 -0.0291372502522739
-0.0353663588689786 -0.0374481272688769 -0.034794565276125
-0.0270006937215905 -0.0308561515470051 -0.0268092327242644
-0.0222802056938454 -0.0246338691123563 -0.0222640077663421
-0.022673975356027 -0.0245666474939385 -0.022033288292872
-0.0278964597147336 -0.0309006968068491 -0.027927632169752
-0.028602389083852 -0.0319241770988167 -0.0293674527037424
-0.0261148656563232 -0.0230461194106336 -0.0245523456996087
-0.0235573356182675 -0.0259082633010549 -0.0239780702654039
-0.0193240937980189 -0.0209247919996489 -0.0200296721337812
-0.0219819017817046 -0.0255922837092645 -0.022432913905
-0.0203125531175363 -0.0212968019171954 -0.0208338077271463
-0.016920954924415 -0.0222586556001087 -0.0158929545142999
-0.0295612671010115 -0.0279420548024522 -0.0297307597725556
-0.0288514498076724 -0.0292490953366971 -0.0283272895798956
-0.0205343630680186 -0.0200993708851026 -0.0202605987315781
-0.0196582909972117 -0.0195795980289713 -0.0192333871622882
-0.0160730004061034 -0.0191421452165119 -0.0158307478766727
-0.0180513177745027 -0.0161356342161832 -0.0190405574637364
-0.0255709804000787 -0.0228907623632699 -0.0253125090055204
-0.0314415243066646 -0.029542788042098 -0.0304464756592257
-0.0222108793041454 -0.0229372892395064 -0.023285553586156
-0.0283647165951522 -0.0264868205667464 -0.0290529529837754
-0.025705961742522 -0.0293514412784422 -0.0275798407117166
-0.0266527347341522 -0.0232318545081515 -0.0266524114458805
-0.0241463721258623 -0.0239354690685213 -0.0248397940732497
-0.0125630412443996 -0.0102694746167973 -0.0122777243931679
-0.0326806819846013 -0.0326036925355116 -0.0330086437267741
-0.0282372287887959 -0.0291079426460299 -0.0275409219677906
-0.0258347135705055 -0.0239110800534695 -0.0249622811440344
-0.0224141942955807 -0.0241310721943611 -0.023287634906933
-0.0158424166618732 -0.0215545228364859 -0.0151103798362922
-0.0246435862072539 -0.0237382220250591 -0.024063594332174
-0.0232723441830074 -0.024917127815577 -0.0240822269385436
-0.0208809746135702 -0.0289142162517508 -0.0203110888331559
-0.0209422369823821 -0.0218905185139166 -0.0210522922691385
-0.0181937144507974 -0.019959861332456 -0.0192390991548989
-0.0221744360254755 -0.0253538879003579 -0.0228665997059838
-0.0172120171781155 -0.025026117755638 -0.0172674364638803
-0.0228907763261591 -0.0246187641366652 -0.0230206285323276
-0.0277156332620271 -0.0311923442743266 -0.0266273704589663
-0.0296206591091486 -0.0268055760693122 -0.0315051818922657
-0.0142969774341034 -0.0144733221561071 -0.0146139971338716
-0.0194845738461774 -0.0268172647581711 -0.020420454807099
-0.028499791146876 -0.0292038205658807 -0.0297064737754975
-0.0336638416803085 -0.0381002027091672 -0.0348183032635046
-0.041442248435559 -0.0366590008796594 -0.0417183272945845
-0.0295089450196094 -0.0267254562677087 -0.0306283161349365
-0.0180333886397902 -0.0217554562306496 -0.0188584123542496
-0.0156007343221768 -0.0180956224170987 -0.0161139839215756
-0.0196671468461406 -0.0179982616208119 -0.0200502380931638
-0.0183112489600613 -0.0199071718315825 -0.0200098065195166
-0.0292973452025375 -0.0281564932695151 -0.0291993612425229
-0.0273866200365877 -0.0272769875688411 -0.0278410122083633
-0.0150728545677892 -0.0165749735349146 -0.0163042791943574
-0.0202917849988535 -0.0240573792516007 -0.0220002561770814
-0.016261629392546 -0.0192000448783454 -0.0174871186933023
-0.021626152214634 -0.0250513437391956 -0.0220094751834543
-0.0287841924355404 -0.0292689115374911 -0.0286382513241982
-0.0165487008578212 -0.0210330309017468 -0.0168840208523749
-0.0248640933255002 -0.0259651952116451 -0.0239537476843657
-0.0179501264810916 -0.0190727932422227 -0.0192212381775916
-0.0291337689698682 -0.0281719679397873 -0.0284203665070869
-0.020510244810494 -0.0251720353446141 -0.0195730932165363
-0.0219223473875891 -0.0241312724652181 -0.0213102233863008
-0.0185458849824204 -0.0211923525288384 -0.0188152568043694
-0.0275821415758367 -0.0249512996431211 -0.0282283604491264
-0.0283278749819051 -0.0226861636186129 -0.0246429115782434
-0.0296826298854764 -0.029855295902973 -0.0298751477281296
-0.0266662367279834 -0.0276270775010315 -0.0250611706775697
-0.0270176891247561 -0.0285407075554674 -0.0271623303126838
-0.0289606467878557 -0.029810484854003 -0.0298300661004955
-0.0310302807483114 -0.0287175934765481 -0.0319374988977391
-0.0162699194028833 -0.00976576134728556 -0.0158688510921031
-0.0105267274236557 -0.012544750658719 -0.011090239289051
-0.0265654114592176 -0.0244378709242457 -0.0280681756975075
-0.0185811911797073 -0.0212699896149128 -0.0189907977670451
-0.0148767470548291 -0.0169191985369377 -0.0162597937631252
-0.0305531752712934 -0.0298096097265534 -0.0300392318886915
-0.0241652228346665 -0.0257418593539006 -0.0237791319884184
-0.027989988332078 -0.0297430666175635 -0.0263616137331499
-0.0192009485823306 -0.0210385361240471 -0.0192318401879314
-0.0193771647122592 -0.0258537646941948 -0.0191223795824158
-0.0156950895748363 -0.016644655764206 -0.0158927404909825
-0.0155827150415334 -0.0207914836618706 -0.0171163132337619
-0.0154299782527369 -0.0182014013258436 -0.0147162557755228
-0.0165827136116899 -0.0193606952886624 -0.0174272062454005
-0.0279319591515022 -0.0266829333852036 -0.0281307002050196
-0.0227594322632129 -0.0196688002796804 -0.0227232595510239
-0.0270048494442688 -0.0245771591417393 -0.0277892484064618
-0.0222896257622396 -0.0214272181251612 -0.0211549032909933
-0.0269647647219241 -0.0273228246146641 -0.0269248853548407
-0.0183860462726248 -0.0212131531830905 -0.0186880322083219
-0.0290107184106469 -0.029706917532065 -0.0274230616696444
-0.0177690388413947 -0.0165420341304904 -0.0186203643068253
-0.0247830504752315 -0.027399466147532 -0.0252159642738106
-0.0226393052929744 -0.017986516853608 -0.0233984227525943
-0.0252904320626774 -0.0222661706393189 -0.0251260282105067
-0.0256012984551069 -0.0286392312640532 -0.0271436931936865
-0.0337247730627256 -0.0295724886806131 -0.0339084291431736
-0.0213976932498889 -0.0241055880081342 -0.0218168585420329
-0.03148584044299 -0.0302044523981201 -0.0300472217946133
-0.0320027118712827 -0.0260093754459073 -0.0303219774322739
-0.00924550567467674 -0.0124872670613234 -0.00957521944515143
-0.0247712056205769 -0.0242525401296466 -0.0256205583990895
-0.0237394751913257 -0.0256987468801821 -0.0227346915053827
-0.0196106559171443 -0.0210559705984182 -0.0199601490333763
-0.0269074794468086 -0.0289336938151108 -0.0272398019451273
-0.0272285040012025 -0.0276066480871197 -0.0262036815933094
-0.0204508357828079 -0.0240034840535327 -0.0204446924221358
-0.0244272477401286 -0.024821353388266 -0.0238284564405475
-0.022254350832207 -0.0249696306443745 -0.0224349425995929
-0.0296731129628366 -0.031054811939855 -0.0324259427514614
-0.0146152854627967 -0.0197740342340277 -0.0153372643179936
-0.0236869689549954 -0.0277318957340612 -0.0236450365431988
-0.0262127578901127 -0.0236738608824449 -0.0256501680628657
-0.0314052788337822 -0.0270666740294097 -0.030772574133972
-0.0294819046825114 -0.0288017534135624 -0.0289892228180802
-0.0158658445161758 -0.0167296032894703 -0.0144404034692427
-0.0205985592318051 -0.0218798512069033 -0.0189312840254074
-0.0332240402350628 -0.0286426744341252 -0.0317782406097203
-0.0175672888057008 -0.01849780061911 -0.0172102891519032
-0.0332448497775233 -0.0356638071616258 -0.0350773033736868
-0.034507933911777 -0.0325737515774781 -0.0371416987812471
-0.03243054618219 -0.0301239292543462 -0.0307766709420997
-0.023283196664451 -0.0203944141212974 -0.02218636774793
-0.0198575245072152 -0.0195923622811365 -0.019170484815009
-0.0233630859711827 -0.0229493178544107 -0.0234567380035715
-0.0255452280465375 -0.0259530980596135 -0.0268310195591081
-0.0308229574567324 -0.0330207875864506 -0.0312628927671245
-0.0226521702316977 -0.0213372539906949 -0.0224916061317696
-0.0209061701917579 -0.0209437442522505 -0.0199795315261338
-0.0206025127361616 -0.01903566306993 -0.0195300918247817
-0.030459873639969 -0.0340347755074526 -0.0287732898488452
-0.0173679319661617 -0.0203245166853695 -0.0189712572314635
-0.0263100059462646 -0.0276110775300522 -0.0268301713783414
-0.0268793497456362 -0.0245794695960068 -0.0272941438441721
-0.0140584195822856 -0.0167659474186102 -0.0137412179596115
-0.0161300312267055 -0.0154995880708343 -0.0150395404443791
-0.0234345576076734 -0.0249333680255507 -0.0236562395761656
-0.020648662217878 -0.0217896474815048 -0.0210186962249403
-0.0251674216751009 -0.02517302255621 -0.025669386974453
-0.0187607611631518 -0.0239245383083328 -0.0189633059199338
-0.017728594577425 -0.0185880998814809 -0.0180541486652115
-0.0205172838823614 -0.0181376709095108 -0.0202779601395885
-0.028 -0.0292232621220458 -0.0288150824602198
-0.0230225475395413 -0.0242850512598667 -0.0242481116824603
-0.0310004509800679 -0.0301639811518706 -0.0313970372879463
-0.0243405803893378 -0.0270027451914026 -0.0245444504982986
-0.0270078919603068 -0.0196498159718958 -0.0262611600181249
-0.0324217055295361 -0.0323078462469559 -0.0326070795256264
-0.0282558149310235 -0.0258553120731864 -0.0273908867847304
-0.0170337353471116 -0.0194613779373053 -0.0168728008547612
-0.0231507942644208 -0.0257079342487609 -0.0232171499099755
-0.0183479118441032 -0.0227313890017072 -0.0182331565191098
-0.0190661524780248 -0.0233854918190238 -0.0185442531245955
-0.0328869646318252 -0.0323099142615866 -0.0347250154474574
-0.0247353265286557 -0.0256788721955955 -0.0247001750954474
-0.0206771351260425 -0.016507281008228 -0.0201994423142187
-0.0185838010328791 -0.0215863736446317 -0.020378336902556
-0.0253948263518154 -0.025149789058017 -0.0248200404396787
-0.0264963370254151 -0.0302088673112103 -0.0255844004387687
-0.0287578545160761 -0.0251852614623047 -0.0267249626340022
-0.0274399267786289 -0.0285822691542125 -0.0265271204829817
-0.0166746036318788 -0.0208416967546673 -0.0166181338142352
-0.0273333333333333 -0.0239839451213192 -0.0277954051881577
-0.024484653268309 -0.0268868184640867 -0.0251562826930474
-0.0261343384865845 -0.0205335985923103 -0.0247402611507195
-0.0231108291113884 -0.0226512085564434 -0.0220538546885547
-0.026576739679635 -0.0306846592312806 -0.0273980550804135
-0.0259361858023801 -0.0261997477651642 -0.0243499646868154
-0.0243961300415138 -0.0292027408488291 -0.0260206844591092
-0.0361681932020798 -0.0331270621405564 -0.0343205971466394
-0.0309433077213339 -0.0280327147565117 -0.0290257881309092
-0.0303145232085613 -0.0314298143698014 -0.0312093418486049
-0.0305261105279245 -0.0298149985623305 -0.0312530308388604
-0.0294540108453688 -0.0275101819684994 -0.0281726652673792
-0.0304768524093167 -0.0314898142024786 -0.029884765293686
-0.021246586067417 -0.0236499205176554 -0.0212899654450795
-0.0097235173126544 -0.0106229340659931 -0.0105385332713738
-0.0153397148419501 -0.0181908282657916 -0.0163101026241909
-0.0124471179401669 -0.0169958970400217 -0.0121082160959456
-0.0284461047822891 -0.0313581538882951 -0.0287410161942174
-0.0246097955110243 -0.027826614494629 -0.0258831912869426
-0.0216469684769639 -0.0239093320936099 -0.021098151426945
-0.031878453939574 -0.0283112702652248 -0.0284270803184435
-0.0264519425575919 -0.0328197809556571 -0.0266208890273425
-0.0180887481287767 -0.0193446776415838 -0.0199506054264321
-0.0120450332031394 -0.0133863113383032 -0.0123041265425408
-0.0209117018960329 -0.0213772427338841 -0.0215780488298132
-0.0162718850824628 -0.0235775462986286 -0.0161253394871917
-0.0174610799507444 -0.0201147048975167 -0.0161688511462322
-0.0208034872374658 -0.0175175394167607 -0.0214044684710066
-0.0175441869110673 -0.0184201793707251 -0.0173983710393088
-0.0176673787601014 -0.0205614501249027 -0.0190773126130975
-0.0219998077850996 -0.0237335465473992 -0.0219154604828322
-0.0300951479620077 -0.0251580648469451 -0.0321434212142503
-0.034903777793556 -0.0357162000805122 -0.0354374457258562
-0.0222937935392834 -0.0280161395635804 -0.0232553514443196
-0.0209221417905156 -0.0230545123860409 -0.021197392961
-0.0284004618240188 -0.0300520235137765 -0.0276321175255497
-0.0265146427122333 -0.0287347377297477 -0.0256940605204928
-0.0287265542194706 -0.0277386779068304 -0.0305539989989789
-0.032967561437444 -0.0318712791953913 -0.0324183150912517
-0.0234770365874528 -0.0250684541121266 -0.0237000017659865
-0.0266946174536054 -0.0313323501380061 -0.0272227223866396
-0.01477378596015 -0.0158734977765043 -0.0156286012784958
-0.0226476423778608 -0.0195174066477566 -0.0217326123250662
-0.0278333333333333 -0.0326488633713311 -0.0272632987682853
-0.0193160036756903 -0.0182653013007516 -0.0199978861095123
-0.0251701854242001 -0.0237487977574107 -0.0263353639092618
-0.0171520943631435 -0.0198894583510029 -0.0174686401450443
-0.0179853795138899 -0.018952776758556 -0.0180520097935617
-0.0163523270842917 -0.0198304765077244 -0.0162097723955681
-0.020855999991335 -0.0227554883233859 -0.0220886506043607
-0.0188915662767285 -0.0213104804578627 -0.0186993584026769
-0.021855571460535 -0.0200359627851556 -0.0225377509779305
-0.0150398937726636 -0.0141285813897981 -0.0124162180166829
-0.0224519318802734 -0.0240475240456784 -0.0219115159387727
-0.02838593983779 -0.0281909149223607 -0.0277990188967485
-0.0279825173526562 -0.0265752867280022 -0.0273818896757014
-0.0195998918964446 -0.0216682432985516 -0.0191612804912123
-0.0314767243754688 -0.0302280557821473 -0.0295431720862902
-0.019325687293743 -0.0224839392454701 -0.0198436877452988
-0.0287582450070441 -0.0251181100036562 -0.0279426324880428
-0.0233522172204932 -0.0236786611674825 -0.0237078007206386
-0.0125753393444214 -0.015875295850454 -0.0134889481133313
-0.0270002297005392 -0.0254468722303261 -0.0259131654796254
-0.0287601918352017 -0.0259578273739165 -0.0280584889317654
-0.0331508465953887 -0.0325803888730971 -0.0325496378404743
-0.0260900432685904 -0.0276765855711202 -0.0249460545774267
-0.0292724376428271 -0.0275729262723859 -0.0283487004688861
-0.0208113219493619 -0.0211724886718334 -0.0182677866455968
-0.0243185778622264 -0.0250496282050467 -0.0242269998874119
-0.0251281196890183 -0.0300561859401612 -0.0286832499963622
-0.0314795952989083 -0.0284033471258906 -0.0310064949485698
-0.0108339966704214 -0.0128402181999283 -0.0124326126261409
-0.028347041105392 -0.0267451730476278 -0.0306503872534349
-0.0350237636314123 -0.030241851070971 -0.0333596948838621
-0.0270198336223933 -0.0284141637353529 -0.0248257399483199
-0.0219289372133657 -0.0228607993687017 -0.0209061471785569
-0.0281827723326892 -0.0293080696018355 -0.029253398489122
-0.0284686530298026 -0.0281749883984819 -0.0338897047210288
-0.0197975574238589 -0.0194570881784191 -0.0197507799602614
-0.0170819621061293 -0.0174230138278491 -0.0171030911075326
-0.0298730106032521 -0.0289022965925488 -0.0294814212269131
-0.0355282214426125 -0.0357835526655194 -0.0366451277170748
-0.0155726531855973 -0.0166940488266941 -0.0161617144859224
-0.0340755273608095 -0.0298323488480343 -0.0336881439140817
-0.0174099475511884 -0.025174135661057 -0.0179102422433267
-0.0259982735922329 -0.0260631248601302 -0.0270680645798122
-0.0236024196336506 -0.0215027062190398 -0.0244910516757413
-0.0236350043678876 -0.0286984905549742 -0.0236104394447666
-0.0250925177003933 -0.0260459125733962 -0.0261962302198845
-0.0195593286820816 -0.0198205743315226 -0.0190291424306852
-0.018508575094785 -0.0222665907188188 -0.0198145268479814
-0.0171318337657936 -0.0208569652476799 -0.0175732061955529
-0.0224333140939543 -0.0230462499611711 -0.0234377796222682
-0.0250390527136864 -0.0253148113744609 -0.0255818869839194
-0.0187844832553719 -0.0208636964296931 -0.0187091463562898
-0.0287868365164984 -0.0320089690371394 -0.0281053534525229
-0.0342915648769533 -0.037043600200263 -0.0331061168615167
-0.0227032090281166 -0.0228316547898467 -0.0217222016684256
-0.0307748927066629 -0.0312266853031363 -0.0312584306494994
-0.0286227683701181 -0.0254072439033119 -0.0308465854436449
-0.0250648695804182 -0.0277074819115488 -0.0250606271608252
-0.0385852035309792 -0.0308201808857105 -0.0351772083936807
-0.031979998701204 -0.0271314163524055 -0.0322467857502556
-0.0275 -0.0277664953815063 -0.0259330270779819
-0.0212710434777668 -0.0270749833514807 -0.0231414784974424
-0.0216524886481749 -0.0185079339038042 -0.021613206912101
-0.0254623611431975 -0.0254527980167478 -0.0255819438801408
-0.0297367466536386 -0.0315875488921208 -0.0293064299943067
-0.0195147279766071 -0.0211723348044841 -0.0187482004960061
-0.0193867080188454 -0.0238533228535652 -0.020069108743316
-0.0235092051076493 -0.0256744403049602 -0.0224110926101964
-0.0263333333333334 -0.0263209661108421 -0.0315825232176891
-0.0231343217586101 -0.0242810615201773 -0.02177369198708
-0.0348072606224373 -0.037433895300171 -0.0318117438771564
-0.0247232683124692 -0.0253681196350199 -0.0242220531050833
-0.0158543982342621 -0.0221193018173646 -0.0159006602306305
-0.0239810533857748 -0.0247722683340401 -0.0239250483483313
-0.0213809151707108 -0.0244304049000462 -0.0224598011576149
-0.0131099598441865 -0.0194975599123815 -0.0140081413212384
-0.0294113853762095 -0.0329090755492523 -0.0295823700709147
-0.0311253396125353 -0.02673345027258 -0.0294050776986941
-0.0134796490794182 -0.016827874753293 -0.0133614480155612
-0.0259175832316717 -0.0285978638311978 -0.0258913689393583
-0.0251283519807871 -0.0246829413571708 -0.0247604205481349
-0.0221419239070645 -0.0218690682961438 -0.0235705878459307
-0.0268749960192102 -0.0275404011399209 -0.0268318832074549
-0.0297668404464313 -0.0248726556829649 -0.0285155089747229
-0.017493928158974 -0.0205340818474754 -0.017162879050679
-0.0369208143757959 -0.036793694114416 -0.0361897583658042
-0.0306276902144096 -0.0272603439994066 -0.0320720128496681
-0.0313430833200834 -0.0310686987664412 -0.0311876513651601
-0.0261476384197094 -0.0206845641911971 -0.0268389860575894
-0.0233230757340445 -0.0263851965300334 -0.0232316075629961
-0.0282078853075314 -0.029366905132743 -0.0298345255717669
-0.0289911936245716 -0.0242134340696288 -0.0291962430302004
-0.0249742567380123 -0.0236335093150544 -0.0263123581162831
-0.0123298680733477 -0.0166589121039634 -0.0122909056480415
-0.0160494133845308 -0.0201310567005939 -0.0161382809259107
-0.0236158870343283 -0.0255118548220524 -0.0237211422815477
-0.0229342125875995 -0.0232530872240567 -0.0244821809463298
-0.0316564352079437 -0.0237903230642731 -0.0304833038199689
-0.0234034217202424 -0.0206219830241715 -0.0229675259329326
-0.0198957025002998 -0.0212539597572144 -0.0206588208557902
-0.0281588657375026 -0.0286052725892262 -0.028488372956741
-0.0152825444465908 -0.0156777745178724 -0.0148019043814502
-0.0313194055378064 -0.0237839827662367 -0.0291584376839647
-0.0242558599650605 -0.0247587712110777 -0.0256627789746021
-0.0249739150603187 -0.0230742775831018 -0.0235253667666622
-0.0173991928240342 -0.0181384955719233 -0.017653159344425
-0.0128722933538273 -0.014705959804368 -0.0118759884120951
-0.0329234108958321 -0.033869206712646 -0.0326835841886229
-0.0222255674964188 -0.0256019528098888 -0.0219561742328422
-0.0230482567779845 -0.0222309976154232 -0.0207264950396055
-0.0160990579587256 -0.0172709279705766 -0.0161219800353537
-0.026859197127887 -0.0252208942277201 -0.024675404360535
-0.0291454458552798 -0.0306704780069418 -0.0302898997946452
-0.0300437818955162 -0.0300540179753923 -0.0329283261831862
-0.0240618641152626 -0.0240583237211819 -0.0229386659852022
-0.0191761704038497 -0.024267707809778 -0.0194363180949647
-0.0240974698739606 -0.0243666297844883 -0.0255036619981811
-0.0235309399843552 -0.0286550653508149 -0.0240098757615432
-0.0346666666666667 -0.0354676591705308 -0.0349808574853479
-0.02326342600127 -0.0263636477870967 -0.022206587533089
-0.0345261424479499 -0.0320011936599605 -0.0357022343289344
-0.0231331764845059 -0.0261317113834897 -0.0241478042439509
-0.0296063616396373 -0.0283347906838309 -0.0311831089489977
-0.0350576002779357 -0.0304750463240864 -0.0338386041112201
-0.0178669473393198 -0.0207157235380623 -0.016681473045986
-0.0340201670142284 -0.0307972980991716 -0.0328712952797898
-0.022977909232657 -0.0224030148958081 -0.0228321051293326
-0.0131054843437207 -0.0162011016802003 -0.0127709032114885
-0.0320976771121511 -0.0279138209037939 -0.0317604187877099
-0.0240070113057359 -0.0212580872356382 -0.0223167612670697
-0.0246383916065618 -0.0240284205504517 -0.0241414204851103
-0.034889739136734 -0.0344240880624257 -0.032428795941282
-0.0352016478994271 -0.0303844148547593 -0.0342819714226292
-0.0221487455063965 -0.0253694570399867 -0.0214380646155253
-0.0184942955581225 -0.0207342520325202 -0.0188013321573485
-0.0281310291261985 -0.0312167873885672 -0.0280472372123349
-0.0383637175132409 -0.0330138554252852 -0.038462911587289
-0.0388367673365085 -0.0372516780507257 -0.0406602375959715
-0.0187344343283324 -0.0232723348749776 -0.0195173512857545
-0.024024006089848 -0.0233940040242403 -0.0239385814562788
-0.0267564522850738 -0.0310592597451642 -0.0272210291303523
-0.0264328317885976 -0.0257818928046059 -0.0266719098438963
-0.0253550984722561 -0.0229542862445537 -0.0256024657080574
-0.030198144160585 -0.0346385829744281 -0.0310950147075058
-0.0382588197312886 -0.0369639230554284 -0.0404164884869061
-0.030685761053121 -0.0264831712326527 -0.0307099861655824
-0.028158689675863 -0.0289747243373898 -0.025824934309792
-0.0239488029050573 -0.0278116261407737 -0.0250974474843698
-0.0278575109312871 -0.0276049708306534 -0.0279327057472631
-0.0321824253846027 -0.0274740546407551 -0.0299511233779092
-0.0276062855661211 -0.026519974384056 -0.026422597088685
-0.0307141263730811 -0.0334828528937048 -0.0308460017646098
-0.0240853818895364 -0.0235663615022276 -0.0237906577177992
-0.0275482890951158 -0.0231872863254855 -0.024535790504505
-0.0244363863049384 -0.0245975228403442 -0.0248494449054077
-0.015511456650339 -0.0160826643207236 -0.0153504715522252
-0.0191676712043838 -0.0216162308289984 -0.0223285795661769
-0.0222824774367791 -0.0239068750346314 -0.0239854549014186
-0.0174784279863709 -0.0180552974444151 -0.0169758725337896
-0.0174107393482164 -0.018601287438587 -0.0173171725627368
-0.0302373714149988 -0.0314879004670633 -0.0298203928837906
-0.0129676975226448 -0.0136115027229515 -0.0129937154154772
-0.025213953979013 -0.0304183402885431 -0.0268980628339113
-0.0361610947394853 -0.0314740589626776 -0.0359045668874738
-0.00879243413481066 -0.00945991080096023 -0.0094101553701203
-0.020293291855554 -0.0220216427593278 -0.0206442807191107
-0.0297323974972471 -0.0296162814220477 -0.0296372492796602
-0.0283860932686217 -0.029785980433321 -0.0273029878044612
-0.0257564205664834 -0.0280062757056344 -0.025243266465103
-0.0238232025049395 -0.0249934680171245 -0.0246741103763594
-0.0137523713085537 -0.0186227380423883 -0.0143533106852774
-0.024463909092702 -0.0307601520216554 -0.0246463365784184
-0.0280232538671136 -0.0277182229145765 -0.0265549491027854
-0.0284322437659427 -0.0276737731239528 -0.0279785565369045
-0.0223927440840466 -0.0215479248291793 -0.0219543773498642
-0.0282137171758149 -0.0288058073055025 -0.0308494245028351
-0.0250391573916186 -0.0267160754923012 -0.0239733887919828
-0.0303257288812557 -0.0310427330693258 -0.0304952252939129
-0.0273734285507368 -0.0289873580717301 -0.0266780551734801
-0.0281036162185468 -0.0259646514411873 -0.0283683751219215
-0.0305924450146364 -0.0336280437595472 -0.0301179634704582
-0.0282861173678771 -0.027670423240421 -0.0271931107354371
-0.0265047282515813 -0.0244572292148729 -0.0255917989701148
-0.0165981445651005 -0.0185834448293865 -0.0169478422154665
-0.0254795568588051 -0.0232158899655136 -0.0256286760470819
-0.0287459507064737 -0.0287414859488463 -0.0294175117752306
-0.0282334324543557 -0.0288064390344154 -0.0281571609904308
-0.0183708729826045 -0.0203069089632327 -0.018146119049221
-0.0204041805891293 -0.0276355391644338 -0.0192749104761942
-0.0211789229099664 -0.0204875032863495 -0.0207038200848418
-0.0245398281317078 -0.0229574211620039 -0.0238919408038428
-0.0291772990877913 -0.0289737546060592 -0.0304432928488309
-0.0151846907540113 -0.0230298785896132 -0.0159116586509061
-0.00801123609775178 -0.0135227953805533 -0.00936641969908522
-0.0264640921686749 -0.0261779131759612 -0.02551307103389
-0.0314536392082696 -0.0327970856045017 -0.0313662972272134
-0.0166234390948635 -0.0167774091518515 -0.0162112417897739
-0.0248204893840444 -0.024474389021403 -0.024879241287767
-0.024595187333205 -0.024038275211343 -0.0220741049890615
-0.0227782590946335 -0.0298355265500259 -0.0223343179002453
-0.0271762172928258 -0.0266878965678772 -0.0268461614016671
-0.0199855708281203 -0.025681406907983 -0.0183838059398362
-0.0327618772632843 -0.0291121421645386 -0.0328810176786565
-0.0328539675290342 -0.0307679747489018 -0.0329699165652272
-0.0251026530033577 -0.0251272972913876 -0.0259545916204124
-0.0176079928474268 -0.0185035493141998 -0.0174941297699961
-0.0187482382946408 -0.0199866697756598 -0.0182355146746954
-0.0247334725663123 -0.02516073967045 -0.0253380444974755
-0.0137527271419099 -0.0150900849355719 -0.0132172348995936
-0.0298792020041201 -0.02712333982978 -0.0323151892229554
-0.014861761559006 -0.0138932742907878 -0.0143157614673197
-0.0182079460135355 -0.0193056747074227 -0.0189552134603116
-0.0223795350102975 -0.021866045294926 -0.0219260070897136
-0.0270242496682155 -0.0277323348629874 -0.0276936654216561
-0.0311629766600999 -0.0294910149097671 -0.0310495282316994
-0.021460630346053 -0.0266219834341345 -0.0221035293161757
-0.0217470916415739 -0.0231284280268229 -0.0223602131475078
-0.0229442568577161 -0.0245537065349791 -0.0231790510344772
-0.0371599655681386 -0.0304964996801734 -0.0347144006349568
-0.0227129621787831 -0.022205258236966 -0.0226080724314926
-0.0264063480005759 -0.0278529944461911 -0.0249969730704382
-0.0330590614051076 -0.0301101444796436 -0.0336524168489436
-0.0222756276276686 -0.0232532717200193 -0.0226061487144981
-0.0234566846892724 -0.0226868491690616 -0.0222514425661163
-0.0185191796817687 -0.019165926765485 -0.0185733917599407
-0.0251756027165947 -0.0234959387829266 -0.0260044752998571
-0.0238907981549277 -0.0233799911877498 -0.0231722752292604
-0.0308264313203843 -0.0297867424645018 -0.0312868356466583
-0.0386158808569627 -0.0339066657809105 -0.0374185492349187
-0.031042501481916 -0.0236311214476805 -0.0287891694536182
-0.021974832920589 -0.0229549397414965 -0.0220235820587415
-0.0368844014037367 -0.036577188537766 -0.0371993001244619
-0.0328038236921132 -0.0334512158833927 -0.0321658733010601
-0.0229663959680021 -0.0198067477056412 -0.0222938298963628
-0.0312660994274288 -0.0336082138408328 -0.0326225682500053
-0.0119762295216042 -0.0140725946453193 -0.012960743335692
-0.0322517140848396 -0.0342294423991777 -0.0328270720424587
-0.0294883830790815 -0.0328445871442112 -0.0311750367360414
-0.0345785978942924 -0.033083725184353 -0.033785812318557
-0.0254378591019878 -0.0273023505409273 -0.0246852018579648
-0.0289966749935413 -0.0280602689323596 -0.0286577734239337
-0.0175866427490759 -0.0201740298425757 -0.0188024572572735
-0.0217616632047878 -0.0229512309264135 -0.0239576498000666
-0.0285947313781801 -0.0261540749983202 -0.0285635526632326
-0.0306230161942525 -0.0320941887380127 -0.0307386880445283
-0.0240538136050558 -0.0240570869442305 -0.0242724948749105
-0.0156882347404178 -0.0151448524188432 -0.0155450642424431
-0.0322012614663827 -0.0311872508218626 -0.0293124168817796
-0.0240720072060276 -0.0250194571927438 -0.0243799311208869
-0.0170753380410366 -0.021198939769996 -0.0179460172320272
-0.027207519231793 -0.032410742292032 -0.0292050296251572
-0.0144957614981255 -0.0193521294394097 -0.014952414235559
-0.0299011041011134 -0.0278394730765799 -0.0309998728848144
-0.0222934361824394 -0.0229207741006857 -0.0215947859921521
-0.0237032315644595 -0.0206488338096448 -0.0231462195416831
-0.0108523450510424 -0.0138453275435447 -0.0100739132339564
-0.0160989215971027 -0.0168525440733998 -0.015172022070833
-0.0137768190241677 -0.0158765054667382 -0.0140094153329511
-0.0288984124866766 -0.0292324248351861 -0.0282184176129792
-0.0218987582677218 -0.020047917471033 -0.0213453027532901
-0.0204738217686885 -0.0226939060919962 -0.0213733877400432
-0.0272787396414119 -0.0266691700658962 -0.0267627885017497
-0.0240257978690568 -0.0219611324555101 -0.0235377701462504
-0.0237656682274213 -0.0294283141769665 -0.0239863536996657
-0.0280603781439049 -0.0298143932219838 -0.0276711491767295
-0.0183413972070094 -0.0226282033355018 -0.0205320461880759
-0.0162978942150318 -0.0223190508163531 -0.0163900394801357
-0.0223348039379836 -0.0242270887984088 -0.0228642113629634
-0.022865454881201 -0.0235918203936317 -0.0222017187092955
-0.0365952901981185 -0.0310704294037576 -0.0360109546049743
-0.0172874961196461 -0.0193348161059915 -0.0177615998630638
-0.0316622241582039 -0.0300660471850988 -0.0325405674226051
-0.0205329554475331 -0.0200120758207225 -0.0198608666188689
-0.0353738307298569 -0.0270778219083096 -0.0326307684430984
-0.0346224713628397 -0.034391224352272 -0.0348121251775699
-0.0110091218910911 -0.012873931087145 -0.0107396554819566
-0.024293097219183 -0.0228916306415532 -0.0233697371305068
-0.0252143383917669 -0.0230335086680317 -0.0273576415973003
-0.0197041244044713 -0.0193974506606221 -0.019251904203103
-0.0249801859790122 -0.0243047699879197 -0.0264647657175855
-0.0302694028892683 -0.0277496102550512 -0.0298899465868134
-0.0296405854825727 -0.031023998583076 -0.0295978427646898
-0.0241323742936441 -0.0239541119573238 -0.0249732570472381
-0.0242768178226251 -0.0274225329041227 -0.0236622912654207
-0.0200155769268779 -0.0222057879616493 -0.0198288255791453
-0.0248836336862658 -0.0287125487946647 -0.0264040042369135
-0.0331965015940265 -0.0304775749401144 -0.0328819806385423
-0.0287704222393235 -0.025872607184002 -0.0285659087184735
-0.0254057411693726 -0.0256479510387025 -0.0252793057665931
-0.0235588131638763 -0.0231698418823719 -0.0249884314682264
-0.0230437053596913 -0.02353901776466 -0.0239074338150461
-0.0242488448804122 -0.0281210067767545 -0.0260700580460773
-0.023127563928847 -0.0219228722628969 -0.0220906969428155
-0.0204718676546499 -0.0219994290026788 -0.0204293978679032
-0.028158006110063 -0.0281146280811085 -0.0295900759328219
-0.0204547651287075 -0.0198840490916753 -0.0202532288662128
-0.0197540641456752 -0.0210709739161709 -0.019182112110233
-0.0335704544819708 -0.030700582214186 -0.0338426108365767
-0.0277358792110222 -0.0311039170313794 -0.0272471399627463
-0.0240776116178045 -0.0237448776440236 -0.0253037574207958
-0.021065721601267 -0.0219117205891001 -0.0217700007280021
-0.0265421499778221 -0.0256565990700975 -0.0259090575119097
-0.0295439762193525 -0.0267714298138476 -0.029249547596111
-0.0290356618455586 -0.0318313380652786 -0.029234286183147
-0.0263785165423821 -0.0250375194400756 -0.0268980066077692
-0.0243833538137391 -0.023606419342167 -0.0243815101542097
-0.0203524837676789 -0.0221222011474828 -0.0210338813828194
-0.0271654837749054 -0.0273966106144743 -0.0280637332210545
-0.0178353051722747 -0.0180333012644065 -0.0179324078138967
-0.0313010238657774 -0.0322861154348866 -0.0317459786137087
-0.0200263261215868 -0.0223771093600499 -0.0208639887559303
-0.0345947582262767 -0.0297550504170244 -0.0335451629695241
-0.0192199422338226 -0.0229887564139376 -0.020072913129871
-0.0332108224725626 -0.0347585073696608 -0.0319916763654667
-0.033268590162039 -0.0298913767510279 -0.0334020778901108
-0.03125479707397 -0.0291165723326058 -0.0312601094356197
-0.0252673382414611 -0.0254689477996832 -0.0231612815127631
-0.0282828058758221 -0.0247821673246822 -0.0264670345302058
-0.0325165181541005 -0.0323503823490582 -0.0321877571908058
-0.0345971178918686 -0.035461271520025 -0.0328904235558179
-0.0299878054860786 -0.0282008287411363 -0.0285959963940851
-0.0240770866112297 -0.0242103870115302 -0.022779359360145
-0.027673309113398 -0.0250737998658108 -0.0281080535103144
-0.0284687149450548 -0.0233432203543523 -0.0287925252802879
-0.0200503326348723 -0.0212540700266113 -0.0197903223462279
-0.0178664808277636 -0.0213243361181716 -0.0174771041459053
-0.0224500456655733 -0.0230619593634384 -0.0215755900054317
-0.0212275959048724 -0.0242647722135864 -0.0222466508648303
-0.0295768611567146 -0.0303242142375979 -0.0312668843970101
-0.0289377862521859 -0.028367316726311 -0.0257929814784206
-0.0206333697363318 -0.0212438966022927 -0.0215898927729834
-0.0282277459630313 -0.0280944109984055 -0.0283002428085994
-0.0285449062743435 -0.0265957710569979 -0.0276709222996565
-0.0194332360068622 -0.0220522297577557 -0.0189948794795426
-0.0216292394388614 -0.0229962209940045 -0.0219569842085379
-0.0290944674443954 -0.0286607540803207 -0.0298906497307021
-0.0245738902633211 -0.0279503079591665 -0.0234815986113269
-0.0246251914711279 -0.0255481540257012 -0.0250997960288216
-0.0294095027281562 -0.0315426204441912 -0.0284931847981295
-0.0194112473838059 -0.0258379351778208 -0.0206499537751872
-0.0319302400202024 -0.0311396406845071 -0.0312714563524772
-0.0215530459295825 -0.0199603057652154 -0.0205015041572292
-0.0266200564381354 -0.025276577430123 -0.0265364062712052
-0.00805256474349597 -0.00831199597785685 -0.00966500209767457
-0.0319120663349443 -0.0304172503265363 -0.033214410176682
-0.0288168891069944 -0.0323983037946425 -0.0300867193537236
-0.0271884871661625 -0.0278397010633254 -0.0276841653245226
-0.0211366813721778 -0.0185388705561078 -0.021662923211011
-0.0298153713218595 -0.0266119255364726 -0.0305127452381256
-0.023118987313598 -0.0211872995895787 -0.0236099360485423
-0.0329432887250509 -0.0345163396227767 -0.0326053128358968
-0.0231406205474415 -0.0234747341168858 -0.0246948347025089
-0.0322132054463087 -0.0316793849480728 -0.0328661808864711
-0.0403536579955869 -0.0359397014882669 -0.0372367179109469
-0.017409242618044 -0.0228213168253722 -0.0200447454863189
-0.0214913904269362 -0.0245317257144106 -0.0216380680562572
-0.016436893169656 -0.0228705179799737 -0.0162993464051099
-0.0305 -0.0269058202666954 -0.0298003427617635
-0.0186997133058058 -0.0237643116655312 -0.0170240933595959
-0.0324204801804893 -0.0300059369861787 -0.0317257587818525
-0.026701873991323 -0.0236494832919951 -0.0264669063294761
-0.0283313962337563 -0.0261948705178484 -0.0268470414292853
-0.025645747999015 -0.0291287604889147 -0.0264127660804364
-0.0230636297224725 -0.0241653824004103 -0.0234864589072148
-0.0302283473540916 -0.0307496321437432 -0.0317626425450881
-0.0104951119582794 -0.0144378090251424 -0.0116139630274492
-0.0298130498401906 -0.0306310059017171 -0.0304560608163548
-0.0103716136302022 -0.00972516368330567 -0.010743600467415
-0.0268237668035941 -0.0265992054810552 -0.0271813840221003
-0.0241593648644233 -0.0242674160682025 -0.0238031120134475
-0.0341775649989573 -0.0326634606939267 -0.0329330222750595
-0.0208888132705203 -0.02407436100089 -0.0207944502558146
-0.0246405779350899 -0.0284984572662949 -0.0228399115818066
-0.0208747105120402 -0.022244537834855 -0.0221251935690103
-0.0378696130916408 -0.0297411282197714 -0.037540781106391
-0.00962521851943065 -0.0146925357238478 -0.0100958297349156
-0.0292973018949168 -0.0281474904657749 -0.0274116173942491
-0.0146385899738872 -0.0164183518715404 -0.0146004623491646
-0.017478104834082 -0.0244690716732721 -0.0180144585070897
-0.0250757480985204 -0.0238829389089474 -0.0253636195331328
-0.0191080807997943 -0.0221030245100473 -0.0193356471287446
-0.0189400512695075 -0.0195388526811609 -0.0176968547696152
-0.0259747598510064 -0.0274108453717435 -0.0256541706003079
-0.0225473151445736 -0.0223520013550892 -0.0224993386505836
-0.0146528263029853 -0.0146008885600359 -0.0140851776742326
-0.0175837833031864 -0.0233998862494051 -0.0188172494785447
-0.0231324225346836 -0.0261431088979374 -0.0226939343706872
-0.0241621608884124 -0.028017206011634 -0.0246820737369124
-0.0274001751370268 -0.0268375890302609 -0.0264076770363679
-0.0259932041897429 -0.0279749238294271 -0.025064520835508
-0.0226918831368736 -0.0230377604694685 -0.0225932238505526
-0.0160462409864982 -0.016031155416755 -0.0158697576845759
-0.0287072898676091 -0.0231586175469666 -0.0294377176613502
-0.0288892615965102 -0.0318601002703844 -0.0293285545649397
-0.027034545880399 -0.0277617158370294 -0.0267694872173761
-0.0318403062531247 -0.0294871707867132 -0.0325811383185743
-0.0182754467419827 -0.021221052219763 -0.0192561978119254
-0.0370418590861086 -0.0377118859406471 -0.0364970756450504
-0.0228510774203126 -0.0236559959445983 -0.0229500186724349
-0.0243408353990846 -0.0270674922515349 -0.0266552558939808
-0.0144568413181688 -0.0170172484415975 -0.0147733770435991
-0.0298597534710137 -0.0292467079636469 -0.0298132048891807
-0.0246505643272626 -0.0248118211041123 -0.0232691370092259
-0.0350224105763074 -0.0316978157172267 -0.0346963966378664
-0.016267902585606 -0.0097857004432977 -0.016223449902572
-0.0250254161761896 -0.0209973340129244 -0.024218948527572
-0.0252169584704578 -0.0317885979818404 -0.0252890626874041
-0.0317084175723328 -0.0312126840915832 -0.0327696504884197
-0.0208870695199938 -0.0247125123164093 -0.0201090618238165
-0.0295083307424767 -0.0288515287822933 -0.0294376251599933
-0.0152906371604552 -0.0092734469942435 -0.0136157394788569
-0.0246890344365716 -0.0198819550725665 -0.0240197964725098
-0.021442322104207 -0.0197824339703378 -0.0193321535483153
-0.0244581563483857 -0.0268735315520089 -0.0255120755997327
-0.0209761252799899 -0.0213930284418008 -0.0207531646684551
-0.0381124936488082 -0.033450455493567 -0.0380258957947394
-0.023547208959667 -0.0255541447103935 -0.0227244265523663
-0.0204342638032753 -0.0223710437649194 -0.0193106307440983
-0.0281522556062748 -0.0303790024917992 -0.0274209600031379
-0.0240685496306384 -0.0232099663618824 -0.0260935617154648
-0.0194789135842033 -0.021404862379986 -0.0201397642753043
-0.0196377375783252 -0.0230877031907456 -0.0205787278220583
-0.0252879082631638 -0.0297067364175012 -0.0250082105165442
-0.0344467416023353 -0.031288575321843 -0.0325203501797561
-0.0304549513772863 -0.0284698830358631 -0.0322811223377652
-0.0233505194039702 -0.02405436544766 -0.0241343042460887
-0.016837107819263 -0.0207035531715899 -0.0189122325942057
-0.0252516931527561 -0.0254701489128143 -0.0255084569999797
-0.0272973630687463 -0.0276156903683158 -0.027899104550764
-0.0253601787103056 -0.0286755727892623 -0.0256639242796053
-0.0161147454286239 -0.0260654838256346 -0.0164695627094251
-0.0184128921041508 -0.0176231987468067 -0.0178795174783026
-0.0150850943444425 -0.0188315369509866 -0.0146332381532681
-0.0289243235325553 -0.0267122620797462 -0.0319106045223527
-0.0223776596290547 -0.0260080129305539 -0.0231426232856756
-0.00963361071512818 -0.0117471799216417 -0.00995501200667541
-0.0186054583302406 -0.0235107429843432 -0.0189197106578709
-0.0255899256138538 -0.026079825810286 -0.0242145630721045
