LMM GLMM GEE
-0.0094377358528154 -0.000616959341257991 0
0.0233676907635132 0.00416620914268603 0
-0.0189429502611788 -0.00252081414796266 0
0.00734293408989783 0.0174532816137982 0
0.0028946657052905 0.00949704229022686 0
0.00500126961995861 0.00602797825666207 0
-0.0215242560045644 0.0103492948453753 0
-0.0119464252488448 -0.0054972025000872 0
0.00913814952666374 -0.00328814260824396 0
0.00279725053644152 -0.00471424179884285 0
0.0134525650052929 0.00151903691240444 0
-0.000342432108313595 -2.57054750431912e-05 0
0.0216489037264062 0.00609635277340402 0
0.0111855873764504 0.00448855855805721 0
-0.0390093752939789 -0.00176198546695263 0
-0.00556756990659341 -0.00589162413542525 0
0.0186903847844259 -0.00739661724105358 0
-0.00780507040137821 -0.00488109912404372 0
-0.00789933115584874 0.00982075672087845 0
-0.00154107613058997 0.00353885332458392 0
-0.0233708251155283 -0.0161651420090855 0
0.00100556963162759 0.00161384709655298 0
-0.0187286001386758 -0.00834924968699348 0
0.0103783896660703 0.000356364795511442 0
0.0160237367259582 0.00937685587954286 0
0.0127474861547923 -0.00281275128678388 0
-0.00716152848757284 -0.00201615603094589 0
-0.00873928318169714 -0.00837926085375063 0
0.00526380185651002 0.0119298925931917 0
0.0173456902670596 0.00675647740851609 0
-0.00141166017829453 -0.00343635595309056 0
0.00490474076107202 0.00098945173615084 0
0.0101930262700669 -0.00372640026587428 0
1.4759984582567e-05 0.0057772347335932 0
0.0183133103097764 0.00151382462646227 0
0.00881650470235933 0.0123665477360235 0
-0.00222624519293509 0.00604075253725384 0
-0.0192845493667577 0.0032750643042229 0
-0.00743021616185916 -0.00622678947050131 0
0.00372028958634987 -0.00307101670175618 0
0.00847515064450873 -0.000426123235055038 0
-0.000416537123403935 0.00637468385835092 0
-0.000664588080236575 0.014300440444769 0
-0.00735480280060294 -0.00164203576817101 0
0.00951226395705539 0.00645755775001778 0
0.0345088309253594 0.0154445273051197 0
0.00909791794278336 0.00851150103044779 0
0.00255434117248257 -0.000432702267498944 0
0.0077482898293305 0.00918918339691423 0
0.00341100860175012 0.00187549434542146 0
-0.0117308777365655 -0.00110431353567959 0
-0.00413145960086892 0.000294169609954156 0
0.00426918047618438 0.00263674456329614 0
0.00459606806615292 -0.00290064161152192 0
-0.0147393667109192 0.000631439446790031 0
0.0103696302419251 0.0124147498082058 0
-0.00483060874683951 0.00239713983766468 0
0.0132581119147024 0.0012789159554032 0
-0.00631907431330716 -0.00748737995472169 0
0.012373133020454 0.00671929673933262 0
-0.000889735952226179 -0.00707045985991941 0
-0.00719206525201801 0.00468966287200096 0
0.0169181920941016 0.00330278192365952 0
-0.00263479043344282 -0.00494110258109037 0
0.00230980079186253 0.00213287618975317 0
0.0214515919499192 0.0103785010765981 0
0.00258035064259418 0.000739827915987053 0
0.00194803933395017 0.00493412139017849 0
0.00627342818420612 -0.00105523348353588 0
0.00681027417376415 8.77440196134753e-05 0
-0.000188667665111474 -0.000763097340410376 0
-0.00890185377635366 0.00123920643018599 0
-0.00657950718447306 -0.00168324500841812 0
-0.0104101351261165 0.00308728823207499 0
-0.00379954788186436 -9.17528140523204e-05 0
0.0109268846811559 0.000134540991077248 0
-0.00482054840112728 0.00102448759191382 0
0.00683035728436685 -0.00162029218186867 0
-0.0121128107104995 0.00152361586636379 0
-0.0320738100945755 -0.0150570359777958 0
0.011465503438743 -0.00206021068536305 0
0.0197180745307558 0.00194197914594962 0
-0.00395491934575861 1.20809511098765e-05 0
0.0112176453335741 0.0091820826974439 0
-0.0265704890218063 0.00383049745210619 0
0.0023414317380992 0.00105556966305862 0
-0.00620085401294296 -0.00706967363390643 0
-0.00731077543296193 -0.00781319663101069 0
0.000385880647506997 0.00536364884587985 0
0.00929640867528838 0.000730875546065164 0
-0.00184983100507543 -0.00649889876211642 0
-0.00870801833037938 -0.00778464952369716 0
-0.00780063217947809 -0.00417781779723356 0
-0.0113444779706273 -0.00123835839552142 0
-0.00107428738158324 -0.000217382197947606 0
0.00245802464550489 -0.00878138044248847 0
0.00240692100376645 -0.00305366748866566 0
0.000455963559670836 0.000579158447214143 0
-0.00746740740458839 -0.00284869314792884 0
-0.0148604674916675 -0.000919403048983134 0
-0.0152194084502799 -0.00842315044347345 0
-0.00234061299359674 -0.00385793927249209 0
-0.0137064891461147 -0.00589326897844034 0
0.00358858203815084 0.00771792019163874 0
0.0144238328706726 -0.00374674631587308 0
-0.0154116674657356 -0.008337302104228 0
-0.0108195971591552 -0.0147867149522696 0
0.00421297733867561 0.009909460057254 0
-0.00872171513216947 0.0051260628726704 0
-0.00547741009381511 -0.00800190610690771 0
0.0069479089366985 0.00537615026650484 0
-0.0060253445606615 -8.73243801176982e-05 0
-0.00819494612284514 0.0072268390262243 0
0.0045276179966948 0.0110849489176694 0
0.000300459970711815 -0.00515924656784221 0
-0.00277484695894186 0.00470837707282523 0
-0.018162136716896 -0.00337340437567816 0
0.00780291096139048 0.000111775273433531 0
-0.00693749873352218 0.00483090729133862 0
0.0197327822993508 0.0096350440800691 0
0.00523391988877236 0.00550656126975318 0
0.0020010681300097 -0.00343961604413187 0
-0.0190880044107813 -0.00637926901608145 0
0.0121660485726295 0.00825661108029498 0
-0.0033172695133894 0.00150421979330584 0
-0.0143274767360092 -0.00372199432965875 0
-0.00321847506860101 -0.00544304759420981 0
0.00947360251568503 0.00900536855791265 0
-0.0109447228519907 -0.002047281448152 0
-0.00220199295299123 0.0032193435078473 0
0.00444115661411447 0.014963532297954 0
0.0117251898442332 0.00626805459758039 0
-0.0228477611608215 -0.0130822599681461 0
-0.00916949892817114 -0.00579813676259656 0
0.00602575756098277 0.000646731599670894 0
0.00193987293330106 0.000781770939567695 0
0.0150327567380613 0.0066539179603529 0
-0.00358042445633147 -0.0013406070446637 0
-0.0218914013341875 -0.0118865261351153 0
-0.000778445938467197 -0.00153392184541794 0
0.00778105046559118 0.00434832610951502 0
-0.00776671325496336 -0.00893877419080906 0
-0.00274527824532968 -0.00601661087672513 0
-0.0149579337954264 0.00398436983523836 0
-0.0196305765622029 -0.00582997090563252 0
0.00479096186081619 0.00494674266481594 0
0.0080847647638541 -0.000708563640569429 0
-0.00257032167495029 -0.00338504533173648 0
-0.00648330133576069 0.00580198162428065 0
0.0181970224131868 -0.00538599546715844 0
0.0141572252851437 0.0104213859156345 0
-0.0125389658842655 -0.0091104965311654 0
-0.0149858311908511 -0.00396103765733494 0
-0.00638269026784025 -0.000655908090726925 0
-0.00129774731406964 0.00273463522976547 0
-0.00974221906864054 0.010307223733842 0
-0.0113049353459909 -0.000924657503885329 0
0.00638852128979715 -0.00398216915325221 0
-0.00863570246848704 -0.00864946613277522 0
0.00615740786591114 -0.000601622035175174 0
0.00728853997177887 -0.00123026849600774 0
0.00319210508919202 0.00558918053899071 0
-0.00622660489952719 -0.00727459538615683 0
-0.00678476748974718 -0.000445534334074518 0
-0.00568452155716637 0.00249334298619706 0
-0.0170621630608213 -0.0091398273658864 0
-0.00240940233084853 -0.00438825565611718 0
0.0108402572415074 -0.000973257433882622 0
0.0109942027593661 0.00101670049945318 0
0.0291992033315187 0.00237131597121981 0
0.00889488588684627 0.00275267831595451 0
0.0160196951376699 0.0125346009386551 0
-0.0044272880843758 0.00511477712801116 0
-0.000928100613136199 -0.00129698340872849 0
0.00255827792858485 -0.0017086928474732 0
0.00425212925243106 0.00396877285618992 0
-0.00553387488110014 -0.00470426557124403 0
0.0112062449475498 0.00353477420984662 0
0.00485360846816419 -0.00518777254985414 0
-0.0241157817587675 -0.0108285966683048 0
0.00466020938145499 0.00721871417859551 0
0.00352777538820717 -0.00298224342022834 0
0.00785289741412823 0.0147614384600533 0
0.0122903711415901 0.0107060500561983 0
0.0287580737426383 0.0141368330859637 0
-0.0114302587397906 0.00304983042649678 0
-0.00374115910155053 -0.00299760887266747 0
0.00993297023520124 -0.0100328194942155 0
-0.010392841773081 -0.000104353139436923 0
-0.00527438326559211 -0.0017965717872742 0
0.00692366691599571 -0.000622446147756993 0
0.00311699591383673 0.00400493996983954 0
4.34265579526233e-05 0.00279046548385235 0
0.018299286801494 0.00538151900682736 0
0.00143140847422734 0.0055140310388118 0
0.0159203251281703 0.005237947609893 0
-0.0198203639509443 -0.00261657249476599 0
-0.0212232877671362 -0.0112608270581058 0
0.00210995399625724 -0.00758226514301789 0
0.0221677643307575 0.00846206686666247 0
-0.00381350789961963 -0.00156362551845757 0
-0.0190733747907664 0.00899909413802862 0
0.00573126870771372 0.00229014136875428 0
-0.00205207922043231 0.00329829294934143 0
0.00671510476753911 -0.00214392345767839 0
0.0124661362059257 0.0079469135468628 0
-0.0148400669232499 -0.00138684029290886 0
-0.00249906046011486 -0.000620923484948228 0
-0.0155018510427705 -0.00343920101810514 0
0.0071757359332313 -0.00764311914130434 0
0.0248766206016316 0.00875537367095577 0
-0.0200417603779736 0.00632022082999359 0
-0.00543968490312405 -0.00851315618747195 0
0.00723585922043386 -0.00594757676103089 0
-0.00166301130015729 4.59644662654156e-05 0
-0.0133634125263869 0.00897954050500268 0
-0.000317007453298176 0.000659556012940656 0
0.0062387949936695 0.00518907128483812 0
0.00936037189144116 0.000465131451833849 0
0.00860436224339973 -0.00261475724032451 0
-0.00272854135142358 -0.00859548192562306 0
0.0082838256173223 -0.00027341590038952 0
0.00502120424622711 -0.00104482984435947 0
-0.0346105430303654 -0.00829665954256663 0
-0.00639993970669763 0.00215143449704237 0
0.000514803303270774 -0.00340481192830594 0
-0.0282084557650638 -0.00127851636995742 0
0.00119602581155228 0.00012912324468328 0
-0.00515969064887344 1.25110717747846e-05 0
-0.00757125955980339 -0.00719824258855771 0
0.00608489638387235 -0.000816932098979666 0
-0.00628907070934388 -0.00528428785967208 0
0.00113930958034331 0.00374700494924906 0
-0.0168256534128746 -0.00907182938325381 0
0.000887781213298325 0.00140244746093171 0
-0.00811827119357707 -0.00354396371819889 0
-0.00536396453107471 -0.00644993842907925 0
-0.00448578080545601 0.00610798265613896 0
-0.0114991637762578 -0.000114290271084812 0
0.00579483601121294 -0.00304464445419947 0
-0.00729408180629811 -0.00425919615470896 0
-0.0183849563326671 0.000253336987437778 0
-0.00463682423526852 -0.00771547631906229 0
-0.00127829542170384 0.00259400687684651 0
-0.00168176649788045 0.00219171103173875 0
0.0121974478971388 0.00392870141459358 0
0.000740122616112596 -0.00012507446654443 0
0.00178153895720554 0.000496734260041244 0
-0.016491420727299 0.00166979388508527 0
-0.00328054375668979 -0.0104273703916928 0
-0.00244092710607746 0.00170583245174118 0
-0.0199767402414333 -0.000671410544895063 0
-0.000888020609715966 0.00221501748645415 0
-0.00146266696200192 -0.00707527051529125 0
0.00295704349120192 0.00597779213495943 0
-0.0447838782083114 -0.0148836803301343 0
-8.05658182406623e-05 -0.000763770160741964 0
-0.041550360710896 0.00141580584469494 0
0.00222311848657136 -0.00172407808515928 0
0.00108783858030136 0.00292300744316553 0
-0.0174292952395433 0.00126449346405812 0
-0.0213931511102509 -0.00897333500668704 0
0.00595475835218448 0.00359916858055751 0
-0.0242472449800883 -0.0124920440558476 0
-0.0134123160355251 -0.00857973195898539 0
-0.00660367574492257 -0.00573720148170879 0
-0.0144737292723122 -0.00344204946982027 0
-0.00996673892358566 0.000973218219059778 0
0.0319325686973622 -0.00300477642723662 0
0.00608534030819946 0.00539778701512956 0
-0.00539062194859394 0.00229011644903115 0
0.00233612561322368 -0.00379783175037538 0
-0.0308827055238059 -0.0136010823264041 0
-0.0437126753562392 0.00554946606462159 0
-0.0122441298404364 -0.00650706129466063 0
0.0165909983632395 -0.00643031933501368 0
0.002281899723436 -7.36706881390224e-05 0
0.00236921427950325 -0.00306613633232711 0
-0.0157780486019686 -0.00661642383637789 0
0.0292487767004479 0.00299717710906249 0
-0.0134988455626701 -0.00192915361809356 0
0.013944877824286 0.00435042641127751 0
-0.00859208724099822 0.000398898293483051 0
-0.02653332866676 -0.0150143934036813 0
0.00234250959691596 0.00925826837838055 0
-0.00160467156750337 -0.00376559474383765 0
-0.00349939704311895 -0.0143304700188519 0
-0.00487068523336877 -0.00313121643929959 0
-0.00522500413621439 0.00198017265789084 0
0.000201719560928598 0.00339540331537846 0
0.00360438203422022 -0.00117258808042096 0
-0.00198573989612771 -0.0111223612263461 0
0.00041869759543562 0.00301822559299602 0
-0.0217761181968157 -0.00974890369045851 0
-0.0143724453536434 0.000428028299911723 0
0.00491098331910989 -0.00606002900049236 0
-0.00957398825459906 -0.0114945822906745 0
-0.00312672848275311 0.00136612033291759 0
-0.00517767693292874 -0.00363486501527358 0
0.0124880221636478 0.00236423100449777 0
0.00214035856986515 -0.000370256987904573 0
0.0118234458423291 0.0041673719897504 0
-0.00707506683814189 -0.00470217391193909 0
0.0059574022932751 -0.000452023352586989 0
-0.00859939541527113 -0.00817807381642294 0
-0.00666807980435975 0.000793285878904837 0
-0.0185877642072071 -0.0121658733407017 0
-0.000465726471126644 0.000546091730570922 0
0.0153280579592528 -0.000579171902966266 0
0.00157272956599192 0.00519169851418849 0
-0.0124023111666768 0.000512995818414719 0
-0.0245018656323798 -0.0106788586101016 0
0.0065988484028397 0.00768439446575503 0
-0.0107847741337494 -0.00592301985352172 0
0.030650500136622 0.0070360410994777 0
0.00468384926221383 0.00288037062665324 0
-0.00907554857073027 -0.00296462689173042 0
0.00266014116064648 0.00452591953661257 0
-0.000592252833860828 -0.0109141256024025 0
0.00321729843012954 0.00840013625277606 0
0.00463378969641082 0.00509248496631585 0
0.00298847229227728 -0.0127690570731052 0
-0.00273495818505509 0.00325345107036406 0
0.00068245942592623 -0.00544271625745157 0
0.00367051370213376 0.00109736247188319 0
-0.00745281682701548 -0.000604742429312118 0
0.00641550773362504 -0.00279904151347987 0
-0.00399313710933213 -0.0046361456629771 0
-0.0181372564090328 -0.00844246661603907 0
-0.00393425855415946 -0.00815422633433394 0
0.00248978837036006 -0.00646436165919624 0
0.000178711825245831 -0.000938084421835408 0
0.0102492759223207 0.00573443503641456 0
0.000734411868171014 0.00913604725822778 0
0.00900176840863645 -0.00333865322477458 0
0.00767421462655912 0.0029363397802905 0
-0.00972649106996835 0.00081125013105413 0
-0.0205032325465209 0.00336149066737908 0
0.00819332308487672 9.73119530029529e-06 0
0.000544982005561841 0.00470859254086478 0
0.00807338537171376 0.00898411694268799 0
0.0376488037134419 0.00968447822372149 0
-0.0026053533508706 -0.00232604728105337 0
0.00426850752605426 0.00175229377944334 0
0.00526289403296992 0.00874978813523648 0
0.00181409889299782 -0.000281679402542557 0
-0.00472036582802953 -0.00903626004407551 0
0.00177487732670546 -0.00231642844312558 0
0.0146943153455447 0.0169456845231617 0
-0.00411640454793754 -0.0101106867298703 0
0.0103443926729657 -0.00452474970861919 0
-0.0117068010160028 -0.0042378583561167 0
0.0186035528184421 0.0113195868695264 0
-0.00610336780514443 -0.000441232554521334 0
0.00512001147692473 0.00724579782244677 0
-0.00980318182094747 -0.00877839883006389 0
-0.0361213144905599 -0.0069206227003659 0
-0.0108202406252257 -0.00937238838043966 0
0.0184392699298064 0.00490723833525386 0
-0.0222509306692591 -0.0162089728511476 0
-0.00247105900082496 -0.00440951504703284 0
-0.00646720093120199 -0.00611500023392633 0
-0.00883514769729876 -0.00658643133408522 0
-0.0053261957715264 -0.00736105087172766 0
-0.000137872303452353 -0.00127107930141406 0
-0.0232302237154009 -0.00919851276461521 0
0.00529902118885671 0.00448979038050856 0
0.0164738648637649 0.0128304569666451 0
0.00767007589044972 0.00449828288688399 0
-0.0160556901854355 0.00314698559917942 0
0.00745009454051583 -0.000450104858020395 0
-0.00786850578169324 -0.0011146802620383 0
0.00261727811434348 0.00101089255195358 0
-0.00338309020847966 -0.00828965366764493 0
-0.0014578473274458 0.00577697013369641 0
0.00280809871053411 -0.00399614399368237 0
0.00141649639211897 1.35838079254142e-05 0
0.017777611312323 0.0124713228714733 0
-0.00791379305240616 -3.31045213995839e-05 0
0.00951309471674105 0.00880797685179932 0
-0.000991974293592415 0.000468058240654276 0
-0.0153849492665932 0.000257136022567083 0
-0.000820157659679592 -0.00251748972694764 0
-0.0021247170341328 -0.00470931939876291 0
-0.0197439848653644 -0.0150777097683556 0
-0.000927477613055998 -0.000916675726246972 0
0.000581830150473387 -0.00193955273125726 0
-0.0080106225398575 -0.0061677459681104 0
-0.00648592615118169 -0.00926842749399739 0
-0.00428639543006687 0.00970248053424822 0
0.0159760799955614 0.00126940509645253 0
-0.0269595739050763 -0.00418645584331319 0
0.00993240311368578 -0.00116766225095018 0
0.00545457323802317 -0.000296587598808967 0
0.00455076638275099 -0.00247395117756948 0
0.00394315035069283 0.00144052721569498 0
0.0115109950856444 0.00431984261643614 0
-0.00844662783761079 0.000339993177057773 0
-0.00871294021316027 0.00578018944400345 0
-0.0184517697327186 -0.0126517112011499 0
0.000673097519802813 -0.00432538975133092 0
0.00888976625378768 0.00150519973654449 0
-0.00651247862043662 -0.00402447400498555 0
0.00280178923614668 0.00243945803950243 0
0.00700137256765383 0.0018147108706879 0
0.0147717875045019 0.0013262483729363 0
0.004217156409255 -0.000520893345799117 0
0.00853622215146771 -0.00269031088423914 0
0.012913677079546 0.00667361130424022 0
-0.000231753639932592 0.000129216968868164 0
0.0108031954048704 0.00678215320507723 0
-0.000660104671568038 -0.000368198238702726 0
0.03576028572492 0.0089927090143686 0
0.00102393433277136 0.00164984022288629 0
-0.0074722398121614 0.00840903828887587 0
0.00788625384003213 -0.00281972336517068 0
0.0317395515573794 0.00262807827181745 0
-0.0245943742600705 -0.0135237863515282 0
0.00705293579995404 0.00189508259043007 0
0.00345253289399631 -0.002546402751358 0
-0.00384693819613054 0.00260647479925837 0
-0.00310809889388123 0.00528089117899036 0
-0.00868286032701797 0.00297225604833507 0
-0.00163665155066075 0.000258151486798814 0
-2.56623566378609e-05 0.00272087612339793 0
-0.000673040908029226 0.00085481754621902 0
-0.0185391748969244 -0.00864118493163132 0
-0.0202485240157743 0.0171712454786562 0
-0.00430792324702087 -0.002087423003219 0
-0.001153794309465 -0.00759693851736697 0
0.0171280783712803 0.00567100627623911 0
0.00682845524558111 0.0012420413689542 0
0.00373057883093984 -0.000692391185770977 0
0.0071577988649719 0.000705465114211754 0
-0.00430292335672765 -0.0066799440791619 0
0.00331852257073128 -0.00473679091985224 0
-0.0221495203845939 -0.0109013582529942 0
-0.00288543627490209 -0.00270535126065404 0
-0.000150926759794988 0.00477146684156653 0
-0.00334860426247836 -0.00557377534813559 0
0.00465852013084344 -0.00115670887545713 0
-0.0106214390160555 -0.0105295352553498 0
0.015079284419175 0.00407393396876381 0
0.00565343220463051 0.00806594963201795 0
0.00768144611168967 0.00802127750519762 0
-0.00240169345424757 0.000210194230334261 0
0.0176769286901075 -0.000594790993265919 0
-0.000296203600208153 -0.000711399632852218 0
0.000139204973587095 0.00112408981328425 0
-0.0103643328788668 -6.03413900166755e-05 0
-0.00774049218010926 0.00133347557776476 0
0.00523132383002296 0.0101789180188564 0
-0.00216811649543688 0.00347440684334389 0
0.000802662316842789 -0.0034876449224825 0
0.000688907921197718 0.00219412684000896 0
-0.00193636720062287 0.00635960288234551 0
0.00452753706218234 0.00488379673141594 0
-0.00889146022328148 -0.0108491252967474 0
-0.00936277269089458 0.00288560751700744 0
-0.0059581233911967 -0.00649701989566534 0
0.0151139665796891 -0.00194198884931498 0
-0.00530997453836721 -0.000902928349747795 0
0.017293267428687 0.00971633722939348 0
0.0190894813978869 0.00199141666587552 0
9.67897445831763e-05 -0.00504919506487224 0
0.00294840341421941 0.00222240347299901 0
0.00269939423901918 0.00184037729240909 0
0.01217207927173 0.0131140236922308 0
-0.00286080116691665 0.000890133809498848 0
0.00430235891175111 -0.000794550786264991 0
-0.0255906852906581 0.000933505345149801 0
-0.0118665159961907 -0.00573031634973272 0
-0.0103977734917086 0.000407905777961639 0
-0.00103493550267735 -0.00292653247580856 0
0.00298911144383679 1.26419848011927e-05 0
0.00260639269477396 5.18185130150385e-05 0
-0.0125497121818788 -0.0108884119701749 0
0.00389974515176972 0.00414285730340676 0
-0.000540764084898183 -0.000189535339508937 0
0.00826151821562455 0.00478172303759918 0
0.0044975938784905 -0.0160638212154665 0
-0.0147271066105852 -0.000792708877389277 0
-0.0132382699572844 -0.00573148353967281 0
-0.0186890806398786 -0.00439838809133652 0
0.0156577695627414 0.00527641830452273 0
-0.00783560593614256 1.48594154190909e-05 0
3.11984379203671e-05 0.000193292234400971 0
0.0114210302429891 0.00527834627231566 0
0.00643234333158919 0.00320719687326677 0
0.000726014998593108 0.00611687045896686 0
-0.0127703000667954 0.000452366897633463 0
0.00390050421282573 0.00916193535230773 0
-0.00489454852526453 -0.0122084288419212 0
-0.00442495582167164 0.00490909445307107 0
-0.00906929368643748 -0.00404745001310672 0
0.00165160412504004 -0.000718093245779593 0
0.000385371118162929 -0.00209826110959305 0
-0.00743719592830205 -0.00171266360680944 0
-0.000751461568289631 0.00846599702847647 0
0.0104823511490923 0.00502586731347827 0
8.65973965789408e-05 0.00419856934171361 0
0.00232910697916362 0.000899462916932427 0
-0.00561179662038737 0.00130376333177803 0
-0.00881738103878887 -0.00283480208715366 0
0.0247105358991589 0.00987462747629541 0
0.0028324205224978 -0.00168107509908527 0
-0.0187289714137652 -0.00619047513126084 0
0.00510067519160246 0.00142281288266821 0
0.00216491882984285 0.00125892359410663 0
-0.0101586760861372 -0.00972562302496524 0
0.00359122844623686 0.0082934614230362 0
-0.0516922708910455 -0.00469142785414933 0
0.0165915605664935 0.0142253369085834 0
0.00533237959389745 -0.00192194494537318 0
0.0059265863021547 0.000957579695454941 0
0.0147716303000775 0.0108988694348832 0
0.0107600368044395 0.00466520206457044 0
0.00505057929779335 -0.00395424729282153 0
0.00493131763000236 -0.00507896377197324 0
0.0307809514268698 0.0101294409421403 0
0.00407547204310012 -0.000110410729871089 0
0.00650900112730087 -0.000681677753558215 0
-0.00730888142395378 -0.00228222685041479 0
-0.0198655097188621 -0.00229543830710091 0
0.00344903283367225 0.00537610289447575 0
-0.00162929702729747 0.0135845530108884 0
0.0145856213704527 0.0083727881568805 0
0.008311604500963 0.00480324587506068 0
-0.0199327736882269 -0.00559585223664842 0
0.005565565938978 -0.000776839127264841 0
-0.0273822680299847 -0.00805731469477681 0
0.00672914689571481 0.000334061230453798 0
0.0218999213527916 -0.00352550756056948 0
-0.0175027329357274 0.0011275135235672 0
-0.0211487076935923 -0.00411402097507396 0
0.00186931159142047 0.00372566395335616 0
0.0107152958068254 -0.0154291924546472 0
0.00478982373388214 -0.00389291505921628 0
0.00730303865168825 0.0016699164830647 0
-0.00065165575529142 -0.00917105390830526 0
0.0128964553792992 0.00733488277256991 0
0.0126834006403757 0.0102690099240678 0
-0.00510285951525429 -0.00700352419552395 0
0.0147899681898404 0.0100486390420538 0
-0.0030667394390351 -0.00682269743444239 0
-0.0163145918816828 -0.0111369989434231 0
0.00057265987799996 -0.00306856938997401 0
0.0124497362514417 0.00926903850097903 0
-0.00912581241169161 -0.000862573766929729 0
-0.0122169779930215 -0.00607050337457447 0
-0.00596013386894237 0.00325356769899702 0
0.0056544440271478 0.00100246014916691 0
0.00282993174589231 -0.0123260344622721 0
0.000271450770065083 -0.00161437141169224 0
0.000411770978108605 0.00604829066149062 0
0.0112289512557586 -0.000728055026059662 0
-0.00633374621122406 0.00189685820140813 0
0.00126209431309306 -0.000668007332298245 0
0.00538368570815927 0.00132804677912744 0
0.00502178134359083 -0.000185258360487803 0
0.0161629193135629 0.0115035117148566 0
-0.00210289665984032 -0.00624097526192865 0
-0.0178030582411936 -0.0054261051447227 0
0.00751179743286656 -0.0037348654906244 0
0.0145866102966273 0.013564212883643 0
-0.00699002274963704 -0.00429936746666964 0
0.0183022419722093 0.00146007185121917 0
0.00801145385841419 -0.000589843938763927 0
0.00915780759284714 -0.00034871971429643 0
-0.010807811042981 -0.00390160104469788 0
0.00496268340706966 0.0138090348912378 0
0.00243694890516786 0.0121179631704226 0
-0.00198381074551501 0.00206377241481614 0
-0.0149949761635587 0.00203799714225979 0
-0.00960803330919868 -0.000842189840676763 0
0.00843683124676099 0.00377777445658707 0
0.0136498932681529 0.00251441051487957 0
0.000190852831021007 0.0131572510410003 0
0.00203524675104867 -0.011416708788553 0
-0.00533074278922589 -0.0018666499359781 0
-0.00434995367638875 -0.00371599903858123 0
-0.00743165862401201 -0.00290285751425928 0
0.00279402062030955 0.0019976947528488 0
-0.0117233617596475 -0.00688750733698975 0
0.00972569978079511 0.0060236918537036 0
0.00832959231577537 0.0106279219886879 0
-0.00588069924422619 -0.00872439020152458 0
0.00520826509619368 -0.00805637607735839 0
0.0192845458979342 0.00861042774590851 0
0.00709600383152314 0.000141473209730978 0
-0.00492198007478144 -0.00265187827691297 0
-0.00332168207389714 0.00465586458087624 0
0.00992936849865042 0.00794954515770148 0
-0.00277078041236981 -0.00506369427547671 0
0.028258260115655 -0.000696454052879143 0
-0.0123295916960196 -0.00595381969401889 0
0.00183998575530753 0.00417133724617452 0
-0.0114098217702938 -0.00781824796088165 0
-0.0228969736342928 0.00202065647580381 0
0.0224445725591624 0.00314725749688147 0
-0.00818352528698141 0.00387461456904407 0
0.00708571059247456 0.00306068030330668 0
-0.0113654560915319 -0.00715914607302888 0
-0.000647857930568965 0.00464439783907056 0
0.00314966739654989 -0.00627769129350003 0
0.0102676545449372 0.00652412914330319 0
0.00239333385408603 -0.00529154223287667 0
-0.00376634437186115 0.000525876512822486 0
-0.000472429254362636 0.0032437792532322 0
0.0209734290528446 0.011312414326283 0
-0.0162745262001058 -0.00237905046699808 0
-0.00566621838198934 -0.0121322397100939 0
-0.0122632164218922 -0.0124774881125065 0
-0.0302765516974972 -0.0102248053943906 0
0.0101740365734736 0.00208432494361739 0
-0.00146522499088527 -0.000123906809024879 0
0.0111255427488967 0.00634757234542881 0
0.0138698888590569 0.00778127997143067 0
-0.0100595648806208 -0.00968177760303554 0
-0.00958855605481188 -0.00627338554492505 0
0.00167239991811497 0.00503850647406638 0
-0.00698261134847866 -0.00280496987975534 0
0.0295545938935161 0.01660630679786 0
-0.0121412823609438 -0.00778939529500105 0
-0.00992954546422641 -0.00530757925864666 0
-0.0370991223746654 0.00257059455062517 0
-0.000881406764281924 0.00668548312987026 0
-0.0122055781550192 -0.0017255847566319 0
-0.00663518654140235 0.000773278591551555 0
0.00620401008795988 0.0104191245031201 0
0.00172922828310397 -0.00439374597251097 0
-0.00540704129943985 -0.00482485740693181 0
0.0127204295749396 -0.00245043926135914 0
0.0170609370376899 -0.00370973597969824 0
0.00682388202178882 0.00477743638553519 0
0.00210451700771642 8.30299326514702e-05 0
-0.0181044874774277 -0.00603728477763448 0
-0.00362918881153801 -0.00689993111608867 0
0.0154682160428518 0.00778110038686627 0
0.00885139161902686 0.00219149254102276 0
-0.00176111043633157 -0.00266082131221938 0
-0.00473492262892709 -0.00678153947598291 0
-0.0135026357825531 -0.00856358721994335 0
0.0248488628968325 0.00648071644239567 0
-0.00298050821764027 0.00144880329423409 0
0.0269372968607578 -0.00174501426009525 0
0.0188735565051624 0.0101876040861367 0
-0.000426301457882374 -0.00174181653310124 0
0.00425091176044298 -0.00092848719607579 0
0.00540504454850326 0.00237367549699697 0
-0.0171381164176272 -0.00964609199480127 0
-0.00523510593476776 -0.000150181109496149 0
-0.00803844471075921 -0.00631552076022102 0
-0.00270426838804437 -0.00768359646905076 0
-0.00194506345032312 0.00378214807259456 0
0.00800991281103619 0.00333734828157144 0
-0.0203006764911241 -0.00904240839701456 0
-0.0100482022872196 0.00375099572614242 0
0.00034417859770094 0.00316712056218696 0
0.00675822110774279 0.00571047383167495 0
-0.00737970498737764 -0.0010792619141859 0
0.004496903210364 0.00199928155194012 0
0.0122814136630412 0.000722367570812445 0
-0.0110903602053738 -0.00933311855673756 0
-0.0163438234754847 -0.0068740776955737 0
0.0154266717807187 0.0104746864404535 0
0.00403958399543543 -0.00120455100600935 0
0.00327456377687331 -0.000756898433330112 0
0.00191930098269771 0.00601260661388446 0
-0.00044767157381738 -0.000650349414374053 0
0.00201701503715408 -0.00135747324545602 0
-0.0417800037651495 -0.0230658037095455 0
-0.00169939735432965 0.00296982784566253 0
0.00314081220788119 0.00478284632709942 0
-0.0157839534322118 -0.000100648117125828 0
-0.00405404748086595 0.0061022390839391 0
-0.000180413803131421 -0.00430949874331111 0
0.0112809354708618 -0.000248952152928831 0
0.0111604083855592 0.00405993396029457 0
-0.00877705445350426 0.000710772992193974 0
-0.00601825511252922 0.000269135806508781 0
-0.00846258880607739 -0.00192502409326247 0
0.0162620050050141 0.00371818813209804 0
0.00290606428735799 -0.00554525266651594 0
0.00569470706013889 0.00254147645914462 0
0.000375900056234745 -0.00637767596621785 0
0.00564547359563023 -0.00285741232055892 0
-0.00323948844268536 0.00635905027235153 0
0.00775862234041619 -0.000706225124477766 0
0.00231319312015272 -0.00384361834349433 0
-0.0191311312359941 -0.00243345952539722 0
0.0076882184904561 0.00573211120974938 0
0.00801012288372366 0.00318744470489884 0
0.0113189438591422 0.00354268756177638 0
-0.0626016581196053 0.00331926181385285 0
-0.00182094733844366 -0.00545652792827907 0
0.0104727633299073 0.00388624113872451 0
0.00979554126011687 -0.00337631524975078 0
-0.0153283894687702 -0.0027605699638744 0
-0.0247183689240039 -0.000563919918065368 0
0.0165570140462476 0.00781631777131202 0
-0.00717616797420251 0.00335616060364317 0
0.0256285486073255 0.00542411321670678 0
-0.0131494096647732 7.31743878963606e-05 0
-0.00502556488756127 -0.00229783499934069 0
0.000962703428390124 0.0014942190933845 0
-0.0093531245872777 -0.00725357005129451 0
0.0070585227376122 0.00371503817448363 0
-0.00897387628659397 -0.00475561908317816 0
-0.00473822192496574 0.0022800028439512 0
-0.0228428328964708 0.00176226208857489 0
0.0142370881161894 0.00220499068383427 0
0.0019181234391878 0.0055558612172079 0
-0.00641405518336987 -0.00641312985131793 0
0.0176308116557307 0.0163840202751305 0
0.00185378799564506 -0.00154022989531648 0
0.00217356996813597 0.00213326022431844 0
-0.00318822582149254 -0.00670096582081748 0
0.00345597391280958 -0.00667389143578732 0
-0.0200253370193221 -0.0129129531817359 0
-0.00670092330279604 -0.00316988977166963 0
0.000291187786451749 -0.00708479473914453 0
-0.00459788963981402 0.00384958942315549 0
-0.00738757787168492 -0.0082000427275072 0
0.0127210756722145 0.00293640303480169 0
-0.0117265914393696 -0.00175770356768306 0
0.00913184135490507 -0.00745399834544812 0
-0.0122663909914132 -0.00708506450927921 0
0.000335837036650003 0.00347732746524001 0
-0.0381726084365276 -0.011223308828868 0
0.000658606183261402 0.00442317326321406 0
-0.0132839237385563 -0.00552573934028541 0
0.0147565623309383 0.00806280021033621 0
-0.0137353471679571 -0.00468446755963922 0
-0.0180334279196937 0.00501101406944224 0
0.00959834023325237 0.00490925330918644 0
0.00313100261594461 0.0044902990595744 0
-0.00618393217628281 -0.00551579562259294 0
0.00158146592804844 -0.00476439244819964 0
-0.0104945316129478 0.00331002244262391 0
-0.0133298507588338 -0.0118626629747493 0
0.0215621860477116 0.00625929852478225 0
-0.0125810501752095 0.00560643706989876 0
-0.0211869824787501 0.00637259506265515 0
-0.00773835801327504 -0.0020734077909338 0
0.00285454274465782 0.0075494415661489 0
-0.00455821352402022 0.00607198482462697 0
0.0049230080571486 -0.00368506394986558 0
-0.00578240483538868 -0.00348350966636083 0
0.00347836887034075 -0.00385146929185156 0
-0.0012490560762322 0.0107709784412602 0
0.00368385191153092 -0.00135124289309215 0
0.00203474795567844 0.00122084947252406 0
0.026287393554316 0.0219115587158921 0
0.00372680907919856 -0.000293394888753221 0
0.0180484882097993 0.0130359377014723 0
0.0149384041567698 0.00605671723940364 0
-0.0368847261474369 -0.00556469412336628 0
-0.00594051020712789 -0.00642631237936496 0
-0.00873145684923737 -0.000740274320765033 0
-0.00190343967302458 0.00304432574803325 0
-0.00952363147231891 0.00268784143932403 0
-0.00640580144004023 0.0016283168664255 0
-0.012950868091216 -0.00456060262312713 0
0.0281699624413451 0.0203984059622849 0
-0.00320060005288105 2.70842534018087e-06 0
0.0450447633872911 0.00641034836959865 0
-0.0069142910976212 -0.00652224052492355 0
-0.00669650215300011 -0.00512359010261232 0
0.00132679030625703 0.0104643684206215 0
0.00244764411161366 -0.00274508449325147 0
0.0099534905454926 0.0053936347577247 0
-0.00379530503784652 -0.00270548645766047 0
-0.00406044676576602 0.00246814301439972 0
0.0116321058666526 0.00811062957851378 0
0.0129338587968348 0.00518487173456724 0
-0.00239155523023376 -0.00452192860502318 0
-0.0141719430418015 -0.00638526611888644 0
0.000230266916680212 0.0023099343083194 0
0.00411585514430994 0.00385915067523621 0
0.00109456635461245 0.00718059490522378 0
-0.0236483723728233 -0.0164561863037449 0
-0.029389173748031 -0.00667292046620384 0
0.00735282422256633 0.00505252352219727 0
0.00774240761786815 0.0102751221371264 0
0.0049072657189128 0.00650725250629985 0
-0.0166768672166962 -0.0134121875532121 0
-0.0110837027851428 -0.0019727518003009 0
-0.00831376080356659 -0.00375114615181695 0
-0.0102939271961187 0.00423724932016081 0
0.00333474329715483 9.00775246016075e-05 0
0.000526801511514301 -0.00211470428288381 0
0.0117362649132489 0.0127670718812229 0
-0.0135610546440597 -0.00450172896243218 0
-0.0267389220392782 -0.0122863196071252 0
-0.0231523688932786 -0.00873074041273687 0
0.00953110302160572 0.000213820690947608 0
-0.00238285618151494 -0.00275965000509209 0
0.0103175885982819 0.00478200049780069 0
0.00252447958508422 0.00529303450897292 0
-0.0109185461034557 0.00315709957966054 0
0.00469660953425016 0.00302654609536998 0
0.0144355966925468 0.00127674705419462 0
0.00587115606227853 0.000238620684892435 0
-0.0169264744480376 -0.0108830857227438 0
-0.00303042855066843 0.0025474355004327 0
0.00223318283078734 0.00912950651601765 0
-0.00147879539213327 0.00166463122974427 0
0.00484177039350336 0.0118256777897872 0
0.005823373312313 0.0133099403888638 0
0.0346140804246182 -0.00185013994099454 0
-0.0225844522177033 -0.00499162346342892 0
0.00337886644410764 -0.00331006597585557 0
-0.0183529077553863 -0.00928018914567244 0
0.019325783794254 0.0104457458038209 0
-0.0166084400968309 -0.00621512863517045 0
-0.00164942524315057 0.00564114760137276 0
0.00192766122978759 -0.00499228919811845 0
0.0040256345288407 0.00389577978268661 0
-0.00464536685000024 -0.0019873102832749 0
0.0126226294209525 0.00381283714865676 0
0.00852032933257668 0.0039326976617833 0
0.0345974509668544 0.0143881071630887 0
0.0137502607166321 0.0110998246589109 0
-0.00863959646840367 -0.00441446517060854 0
0.0545587288555177 -0.00176948710653382 0
0.0114937388885471 0.00558142529797914 0
0.014717910834404 0.00745951276122493 0
-0.0271943319028146 -0.0080981410900453 0
-0.00510037410419074 -0.0033350289802424 0
-0.0050665990726675 -0.00675077082647345 0
0.0119616392100456 0.00542617599989221 0
-0.0176790946897015 -0.0124683711278416 0
-0.00352645046358314 -0.00159847671883997 0
0.00980742997850319 0.00743089870612715 0
0.00257658951992237 -0.00695076809940795 0
0.0321778987738825 0.00980757524166919 0
0.00288743966567169 -0.000334794544828098 0
0.0192479083528814 0.0180716153730286 0
-0.0262289687694016 -0.0163440852984059 0
-0.00437888773930536 -0.00122391178776112 0
-0.00119410167135137 -0.00625721724330022 0
-0.0142422930955065 -0.0012253217688212 0
0.0122236874759035 0.0139117016676262 0
0.0171186377871689 -0.00447877597385923 0
0.00334707061848145 0.00500094681865878 0
-0.00624629324211494 0.00148209648513676 0
0.0201066703541629 -0.00363986437492788 0
0.00118410791525075 -0.00327102190140772 0
-0.015296491052728 0.0100342530979116 0
-0.00618567988912672 0.00192314861757481 0
0.0107281988813405 0.00595780800133849 0
0.0176233584603777 0.0135273154802253 0
-0.0411454001853432 0.00286891078824277 0
0.0145637332892498 -0.0121014737229311 0
0.0178178134090777 8.21472124081687e-05 0
-0.0167418894913656 -0.00107963755084809 0
0.00624688155032356 -0.000248542027452268 0
0.00690786890729536 -0.00512658740757203 0
0.00383334011514455 -0.00166068820192826 0
0.00617353906834278 0.00749257823996605 0
-0.0111613263021882 -0.000402907402477427 0
-0.00431204492810213 -0.00283949525038894 0
0.0119887786707334 0.00623160338622632 0
0.00535396692215036 0.011107973121674 0
-0.00754613890678197 0.00306048693669008 0
0.0103717152790596 0.00953719456056266 0
0.00412801266051998 0.0078314086412895 0
-0.00491227120493384 -0.00915746431948047 0
0.00360538903708415 0.0129765872073055 0
0.00034914315523988 -0.000125590665165441 0
0.0156584507911036 0.00554620863272507 0
-0.00549330396459091 -0.00212688991744017 0
-0.0139911884067328 -0.00751353209593665 0
0.00819359819555451 0.00857787336961757 0
0.00398517256107601 -0.00020783269233946 0
-0.0101543849900607 -0.000421034703804631 0
0.00745110066093392 0.00711681867844903 0
0.000207898952268039 0.00113397940113525 0
-0.00372106612132191 0.00866182006001495 0
0.0126896826601857 0.0106875615015537 0
0.0136188711492732 0.00239752008484319 0
0.0101057109464947 0.0129471893008075 0
-0.00953355724012828 -0.00891976767128608 0
0.0151202945289339 0.00363120166858798 0
-0.00882656057725405 0.00226834035793774 0
-0.0217624530265189 -0.0107952758414317 0
-0.012253691594595 -0.00143507554753411 0
0.0108128872875495 0.000840985390555775 0
-0.00394239645641438 0.00105506994579743 0
0.018073787115611 -0.000524616186228867 0
0.00487204667264502 0.00815544467934663 0
-0.00434750789522217 0.00215272295055281 0
-0.0042051295527147 -0.00396007252199252 0
-0.00262178710084989 0.00258265814148598 0
0.00821379211385036 0.0040605869820396 0
-0.00429489028655466 -0.0090911425072836 0
0.00570649206423798 0.00621658152949155 0
-0.00668311723694051 -0.00206341587622268 0
0.0100303961833212 0.00211956759344428 0
-0.0144243354769325 -0.011261928689576 0
-0.00886261646354209 -0.00765430527532128 0
0.0054908791380143 0.00547095111039821 0
0.0082613505357987 0.00716477819537074 0
-0.00212981368273503 -0.00727653926896124 0
-0.00646253167621417 -0.00253298167971749 0
0.00934708587949263 0.00532834124107421 0
-0.0124459487631195 -0.0104456619780316 0
-0.00236984147927485 -0.00139664203407983 0
0.00164348037230307 0.00584863031380949 0
0.00400799444964646 0.00712749086136725 0
0.0186538842268479 0.00742545087217443 0
-0.0102659496218885 -0.00830677701264862 0
-0.0156738641050651 -0.00885999177620195 0
0.0060043277973802 0.00963692226400011 0
0.00359806363041902 -0.00457572397393369 0
0.010001733913216 0.00270263228947992 0
0.00706141018540854 0.00218398498326724 0
-4.41878534558725e-05 -0.0108598807879576 0
0.0014213474251759 -0.00276375319609555 0
-0.0145167191809378 -0.0101815487298234 0
0.00643642867012918 0.0126289513089881 0
0.0163483642231488 0.0116882904855571 0
0.00718697051385702 -0.00217846401050487 0
-0.0144426145867926 -0.00436712197359863 0
-0.0161217812681486 -0.00568847706074747 0
-0.00472022687756469 0.00197879340490491 0
0.00275500304124191 -0.00159699165634016 0
0.0295937614774572 0.00831120997548866 0
-0.00863330335221567 0.00149566441829742 0
-0.000500332422721387 0.00307809326949302 0
0.000756201218902458 0.00378233569292618 0
-0.00401815256986723 0.000729127929499879 0
-0.000293946776719366 -0.00674513603684701 0
-0.0065017708745489 -0.0108956244116713 0
0.0097359243032241 -0.00291000144031148 0
0.00439315732666307 0.0125760979923064 0
-0.00774008866035292 -0.00688949050607953 0
0.00467210478162523 0.00466680466930631 0
-0.0171599179242903 -0.000987083455784886 0
-0.00874495916540581 -0.00761119260333744 0
-0.0201225062030877 0.00613252911854116 0
-0.00506333781880815 -0.00522225764440291 0
-0.0124107513779399 0.00162407413734529 0
-0.0158898154057168 -0.00945297001940918 0
0.00454444750451656 -0.000450297369167658 0
-0.0141795091780518 -0.0083729087919501 0
-0.0187757846152272 -0.00313277465274318 0
-0.00635126152311154 0.00623898113247198 0
0.00999599431745151 -0.00514268505333261 0
-0.0107980405749922 -0.0105249153137121 0
-0.000955281550061824 0.000591727048390051 0
0.0197966884342298 0.00583372443335224 0
-0.00897245186722716 -0.000342325425728137 0
0.0149331948821987 0.0036933058148103 0
0.0124452980882029 0.0100399979367185 0
-0.00790428726154034 0.006185677672941 0
-0.00526522868444878 -0.00683732567564448 0
0.0211737590171637 0.000104570702119148 0
0.0117087724873234 0.0113787796370217 0
-0.00155890435489512 0.00526565149367636 0
-0.0204219635671998 -0.00825282720743011 0
-0.0136620732818808 -0.0086230599869845 0
0.00528283043152413 0.00713156069417048 0
-0.0043598974915212 -0.00452202521574267 0
0.00187440081959297 0.00535552702414065 0
-0.0070361517619118 0.0042672699761516 0
0.00518794034437919 0.000673799238351775 0
0.0181875914394069 0.00375864421063615 0
-0.0180909162703312 -0.00713906822628329 0
-0.000663449997586171 -0.000140679547864943 0
0.00798102749156836 0.0183472091052782 0
-0.0400472997951352 -0.00932695488692373 0
0.00467218704857723 0.00409460711127739 0
-0.0117589934369891 0.0069382399384353 0
-0.00400349119840082 0.00142518176263453 0
0.0072501198121817 -0.00944473498896017 0
-0.00543930375708152 0.00332632559637584 0
-0.00160197399164536 0.0047659557049827 0
-0.00663392294089124 -0.00753927777171583 0
-0.00201994753005373 0.00347376506938635 0
-0.00813861651771401 -0.0141718116572042 0
0.00657939227334562 -0.00794886405970994 0
0.00964795022730813 0.00377425988637737 0
0.0121173260893621 0.00297651683868508 0
0.0127586341761577 0.0120536316948718 0
-0.00316400478738074 -0.0107149171890135 0
0.0118931945857258 -0.00242195463222199 0
0.00706258462697534 0.0143991542774166 0
0.0149820336105551 -0.000818363791011109 0
0.0228915213868083 0.00349831524184322 0
0.00236802454855565 0.00319002564852907 0
-0.00336839339776151 -0.000331425574023388 0
0.00868589557633292 -0.00455450025075557 0
0.0254764211044825 -0.00550472430204511 0
0.012100476755779 0.00651257460046123 0
0.00292621920093814 0.00051773145918628 0
0.00772257625668262 0.00745818394119336 0
-0.00185452799087545 0.00289403744643567 0
0.0186534217279603 0.0110073219132506 0
