LMM GLMM GEE
-0.0290056925370159 -0.0254429950412744 0
0.00319555070073716 -0.0187926204831719 0
-0.00998101778530754 -0.013975960008047 0
-0.0228825536158628 -0.0134886599762838 0
-0.0280404889511488 -0.0205372848177286 0
-0.0262665512936036 -0.0269403331505937 0
-0.0224147823282616 -0.0185909915535819 0
-0.0234958755310774 -0.0204465669233046 0
-0.0170422214611232 -0.0202141656972438 0
-0.00450610260956101 -0.0186483613194261 0
-0.0236155864575762 -0.0322156372706562 0
-0.0224709672491722 -0.0201586158908526 0
-0.00771051277483274 -0.0142793660614649 0
-0.0149419511167968 -0.0193265036680467 0
-0.0214537101922144 -0.0218730763243209 0
-0.0181374109554156 -0.0292854927276904 0
-0.0261522933106771 -0.0223306448366946 0
-0.0312529624755499 -0.0201048732138454 0
-0.0134483959707454 -0.018200264477203 0
-0.029709567716416 -0.0163107519703944 0
-0.0210749238828098 -0.0235436521354269 0
-0.02630454529427 -0.0237007738058158 0
-0.0192193966191274 -0.0131326934437327 0
-0.0325025674460138 -0.032548539157648 0
-0.0105584350541477 -0.0190536677847423 0
-0.0179494988944527 -0.0215172344927765 0
-0.0253580189585264 -0.00591040930084532 0
-0.0199097518669455 -0.0243195160527322 0
-0.0293905570011436 -0.0280568859792036 0
-0.00194196227783969 -0.0178654967130344 0
-0.0218353236837992 -0.0265432165553002 0
-0.0197225458756453 -0.0198806683399993 0
-0.0121289681835565 -0.0194908012551016 0
-0.0204964776362578 -0.0126639730687225 0
-0.0322001381612442 -0.0266847817834629 0
-0.0163819407397113 -0.0258998562925997 0
-0.00456729142198225 -0.0189793360909036 0
-0.0233567737416382 -0.0192543016408887 0
-0.0251175702271718 -0.023456666155522 0
-0.00834895827494546 -0.00360338046043299 0
-0.00104735395494585 -0.0105545476238386 0
-0.00643291296657797 -0.0166589337678256 0
-0.0238193613499631 -0.025435656469933 0
-0.0170919474715755 -0.0126888868544169 0
-0.0196514865782653 -0.0185348531486571 0
-0.0163820974988556 -0.0166669537650495 0
-0.0389612925410011 -0.0315399340134822 0
-0.0204243249376142 -0.0148007020585915 0
-0.018318802820092 -0.0111568101002277 0
-0.0140754785395921 -0.0215137963430355 0
-0.0206259186147749 -0.0287084951574333 0
-0.0208826321694758 -0.0154129956887482 0
-0.024345741553552 -0.0178846502447522 0
-0.0179214732590937 -0.0202471518863236 0
-0.00835728403716779 -0.0193529330793149 0
-0.0380338598421606 -0.0243487888841178 0
-0.0151577731543648 -0.0226062080597428 0
-0.013002372453773 -0.0218169188592512 0
-0.0175628664320842 -0.0237916105418469 0
-0.0214219602304295 -0.0168635591348039 0
-0.0074278394944756 -0.0187183280759582 0
-0.0292865200936797 -0.0216266328566054 0
-0.0147939287458857 -0.0147037593860714 0
-0.0264055818095639 -0.0277686474040012 0
-0.0261961555045232 -0.03101821429943 0
-0.0214068708995179 -0.024166834160982 0
-0.00904382873364951 -0.0235095001643739 0
-0.0248199892905348 -0.0178756721533643 0
-0.0212813613743747 -0.0258121164083822 0
-0.0400409462280419 -0.0225460020757847 0
-0.0243100014502579 -0.0221134015439363 0
-0.0243975302926235 -0.0176855308483869 0
-0.0202971436809621 -0.0294537252271024 0
-0.0209404212099477 -0.0141815570365709 0
-0.0361895659197064 -0.0293862726036015 0
-0.0347341348696612 -0.030050342551118 0
-0.027514295971362 -0.0219282172336329 0
-0.0267975862024038 -0.0100541020723379 0
-0.0129833236993516 -0.0171372385288334 0
-0.0580275882348007 -0.0220533308238397 0
-0.0397356801900293 -0.0272058712143702 0
-0.0117771230111505 -0.0146881915073638 0
-0.0295180497237739 -0.0210638827702032 0
-0.00641952003587615 -0.0245998699300203 0
-0.0137814571938619 -0.0127957624558522 0
-0.028107799742906 -0.0252271186696971 0
-0.0148996233217762 -0.0164596480452221 0
-0.0302905784871314 -0.0221132442371611 0
-0.0339792456350748 -0.0277498988103925 0
-0.0113549373301368 -0.0108338995090936 0
-0.0302771921306888 -0.0355684496356628 0
-0.00245876023168736 -0.0202360425613796 0
-0.021207271990916 -0.0218376133023142 0
-0.014056906401742 -0.0112926816600825 0
-0.022552660802316 -0.0240931811081437 0
-0.014096186479125 -0.0202246396293807 0
-0.0160984717362289 -0.0170591987074736 0
-0.0267398013739291 -0.0196371504446221 0
-0.0246203383381593 -0.0208256914246494 0
-0.0399862284073404 -0.0290574488079536 0
-0.00883341513662319 -0.0148257408630812 0
-0.0228143024813779 -0.0195035384248067 0
-0.0135407406957545 -0.0173005665500685 0
-0.0210248830165173 -0.0144780903634029 0
-0.0206368123479502 -0.0202175682894671 0
-0.0147134073590198 -0.0226086512224609 0
-0.0381180080802524 -0.0244892189228875 0
-0.0189912820059794 -0.0105767187237279 0
-0.0380462893033953 -0.0293605098054455 0
-0.01305503491477 -0.0209236914304514 0
-0.0342492407556964 -0.0355055034253547 0
-0.0293082368653748 -0.030080161541881 0
-0.0149785032553496 -0.0205807756230755 0
-0.0213032248950863 -0.0258727384531277 0
-0.0231250817021115 -0.0213090484779105 0
-0.0228592436384035 -0.0184956553500969 0
-0.0119347309395531 -0.0170728684466935 0
-0.0201839898661807 -0.0178196480707667 0
-0.00432981948376245 -0.0144784729248717 0
-0.0185018453966103 -0.0235645780302937 0
-0.00456544285470614 -0.00862779136348842 0
-0.0323573890560494 -0.020003301975264 0
-0.00529350536312192 -0.0222262702522713 0
-0.0195485747560809 -0.0203135088164805 0
-0.0264401746560396 -0.0262914859212735 0
-0.0157306115749425 -0.0237076299878552 0
-0.0107079687998867 -0.0214299718971764 0
-0.019192376067846 -0.0242237645427648 0
-0.0287950392039804 -0.0173314352761069 0
-0.0079760775681749 -0.020626814811725 0
-0.000822763087453359 -0.0069906750992704 0
-0.0221283913106469 -0.0211477318621252 0
-0.041998958334411 -0.0217433146715853 0
-0.0326381183263019 -0.0146089267299562 0
-0.0155199520486382 -0.0205115159434234 0
-0.00925349375945392 -0.0137746948577239 0
-0.0170025217707491 -0.013275422881202 0
0.00557781755297271 -0.011167927004016 0
-0.0249045470802975 -0.0292178957648833 0
-0.0185209559089168 -0.0240644052594303 0
-0.0293742985014014 -0.020240018043445 0
-0.0202905724936434 -0.0272754791530573 0
-0.00720560218035133 -0.0161911175785271 0
-0.0304126603506269 -0.0249799870549193 0
-0.0156398604249147 -0.0335423135130532 0
-0.0146451802198386 -0.0114876956296888 0
-0.00781763395111871 -0.0185725803467032 0
-0.0279434163615112 -0.0277034435082091 0
-0.0244514253928404 -0.0245514050322361 0
-0.0205081785156013 -0.0186790692658839 0
-0.0204001308233025 -0.0191937996135634 0
-0.0101048526753011 -0.0145264129059127 0
-0.0259980410491806 -0.0380261656602424 0
-0.0129572952703721 -0.013080846646047 0
-0.0236241346736008 -0.0248576050022829 0
-0.0108266126611434 -0.0179911617401256 0
-0.0220030431942283 -0.0222031180611662 0
-0.0246666583499927 -0.0232228536754561 0
-0.0122114735502955 -0.0265215194417836 0
-0.0253387287595494 -0.0300776441656733 0
-0.0331494343765893 -0.0290559346560862 0
-0.0595455273394967 -0.0173102170478666 0
-0.0301873824431477 -0.0276586313195109 0
-0.0189495578323637 -0.0198614717423501 0
-0.0159707622383329 -0.0246483933396526 0
-0.0114661800816539 -0.0178150204051926 0
-0.0255832296471103 -0.0306359618401787 0
-0.016210938983606 -0.0171492474137128 0
-0.0202612221056498 -0.0161706920119525 0
-0.00227448899572745 -0.00812774759431755 0
-0.0169403436055088 -0.0326484084559879 0
-0.0256627161670587 -0.0263622105256788 0
-0.0131026211342966 -0.0187153808844814 0
-0.0215186533762987 -0.0206353877480347 0
-0.0732182206156962 -0.0254329013781195 0
-0.0388223636027171 -0.0341783268216199 0
-0.036852753255641 -0.0262942252030545 0
-0.0132207084019808 -0.0263760518220659 0
-0.013997453232325 -0.0335438849862211 0
-0.0146926155610995 -0.0196687668497564 0
-0.0202971459431252 -0.0187880416520583 0
-0.0148990194128919 -0.017468444031832 0
-0.0365019761002828 -0.0243660527604159 0
-0.00809928310816016 -0.0101610922605004 0
-0.0131702016791896 -0.0236058285040686 0
-0.0136747895249029 -0.0226752862298102 0
-0.0203652174966648 -0.0171985971939635 0
-0.000229063752691511 -0.019161961675434 0
-0.0169002875820144 -0.0212254676272157 0
-0.0152295733042022 -0.0157568335106876 0
-0.0184816673179665 -0.0286938806676696 0
-0.0144904047997113 -0.016796683837384 0
-0.0175943937525925 -0.0270349912585747 0
-0.0166973983202432 -0.0280938692515181 0
-0.0134200630508075 -0.00993787101968046 0
0.00677364504725482 -0.00894855415711669 0
-0.0282773990129829 -0.0154057301329639 0
-0.017381149447732 -0.0234377916223328 0
-0.0179117956835227 -0.0218485248245528 0
-0.0145928514138477 -0.0161637676973044 0
-0.0027802283336726 -0.0104677120886113 0
-0.0181221573203107 -0.0128664031820412 0
-0.0260127741995145 -0.0177790781805174 0
-0.0254492756421435 -0.0160234115727998 0
-0.024343077137942 -0.030803282766361 0
-0.0164941127583658 -0.0191740514751228 0
-0.0245154036290066 -0.0244774452004564 0
-0.029857855439011 -0.0364692915912703 0
-0.0485796207258578 -0.025305349456098 0
-0.0276000982788447 -0.0225835064327655 0
-0.0138984455700409 -0.011519489859139 0
-0.0239685057814016 -0.0215424975438027 0
-0.0230271741257429 -0.0227488195338345 0
-0.00662722501426109 -0.0126710750700426 0
0.0142040654211403 -0.0203563908295393 0
0.00197152348421438 -0.00303328071556622 0
-0.0315521514724309 -0.0226762015546529 0
-0.0224270008675368 -0.017337917575295 0
-0.0107741750733385 -0.0185855486526297 0
-0.0381226529534343 -0.0298927966675753 0
-0.0114204240540521 -0.0264520767862427 0
-0.0260887342762795 -0.0122708253806714 0
-0.00646257079087895 -0.0213428230727336 0
-0.0141141543897854 -0.0216645419047707 0
-0.0383879899622983 -0.0219068904188053 0
-0.0167681980553184 -0.0171357841354504 0
-0.0349682464522004 -0.0176715524998446 0
-0.00619010373558773 -0.0172897073946537 0
-0.0152307293915342 -0.0172746934014537 0
-0.0273978554275545 -0.0170957943252688 0
-0.0253774988379166 -0.0283026963472665 0
-0.0240830745532156 -0.0180607824634697 0
-0.0168333849667324 -0.025316095985049 0
0.00598368525863639 -0.0126251326317443 0
-0.0262388287709021 -0.022774332597107 0
-0.0302144792049608 -0.0215720075271613 0
-0.0311839697521543 -0.0254160427656836 0
-0.0269881392550322 -0.0318659112841397 0
-0.0163257282176938 -0.0137538533575755 0
-0.0450880101931596 -0.0186768543333842 0
-0.00998125732593876 -0.0214495570440873 0
-0.027224151307905 -0.0172721441011626 0
-0.0228399977290884 -0.020800552711722 0
-0.0333192342714646 -0.0290768939975696 0
-0.00689780517658551 -0.0153513615453976 0
-0.0137014233415825 -0.0149844164029346 0
-0.0253703506246053 -0.0191447745851781 0
-0.023978162340934 -0.0189373997188097 0
-0.0357532947015181 -0.0296491114209873 0
-0.0268308114551416 -0.0194805704309938 0
-0.0245179045167105 -0.0181791333118266 0
-0.0269014687545943 -0.0219616874920249 0
-0.0094420938841875 -0.0127256481480813 0
-0.0165367537140922 -0.0204532104492652 0
0.000319932259277846 -0.0207162151995914 0
-0.0247402698770706 -0.0227126220641845 0
-0.0234019151685224 -0.0243245149213515 0
-0.0256200189777896 -0.0146011089411235 0
-0.021320660667026 -0.0192079414125972 0
-0.00932210701074899 -0.0269749558521373 0
-0.0268015608372863 -0.029229843030637 0
-0.00496565836433806 -0.0183782259083911 0
-0.0114448141079227 -0.014198495192965 0
-0.00502762139943076 -0.0167696282336157 0
-0.00800961016004156 -0.00706505918634938 0
-0.0431716687205043 -0.0235666349692874 0
0.00925155331422016 -0.0229304299521277 0
-0.0104003937739295 -0.0249443268065496 0
-0.0199221210859388 -0.0231684823249544 0
-0.0150995700660842 -0.0195449248673321 0
-0.0213599994207606 -0.0187034345676743 0
-0.0162332310843529 -0.0198562866469075 0
-0.0162767454787146 -0.019548274165093 0
-0.0175153848256077 -0.0198290802831256 0
-0.0160507985878048 -0.0234660482257029 0
-0.0218737937483241 -0.0175760218704676 0
-0.0114105796335356 -0.00302204926659233 0
-0.0230247670780655 -0.0287334513788846 0
-0.0331268892088643 -0.0303479514933859 0
-0.028314085782595 -0.0227694380170042 0
-0.0272727675756819 -0.020715509977539 0
-0.0330404551298854 -0.0150670416969089 0
-0.0330224483784065 -0.0237512451805601 0
-0.0191327809646444 -0.0239194880226365 0
-0.028665442683611 -0.0185768891160151 0
-0.0234953227547783 -0.0179332460926636 0
-0.0170970161738527 -0.0211793630033348 0
-0.026954048147627 -0.021628762588191 0
-0.0140784357929421 -0.0233391071028828 0
-0.0244069083200513 -0.0176518730433739 0
-0.0188965867335896 -0.0126887604803251 0
-0.012022159562893 -0.0197760524047814 0
-0.0142832428170054 -0.0164472214955905 0
-0.0161801078167703 -0.0108340486454399 0
-0.0301615591593923 -0.023110649943696 0
-0.0122097137922281 -0.0207711165261073 0
-0.0135851386295778 -0.0123448587501954 0
-0.0369332653349179 -0.0296884360436945 0
-0.0169627380016347 -0.0164602956665257 0
-0.0167142187537903 -0.0166851139264838 0
-0.0124540611037416 -0.0117948781389819 0
-0.0126344065564003 -0.0186265042718492 0
-0.0456025041418722 -0.0234184010826448 0
-0.00489047606407638 -0.0165336681557703 0
-0.0142330346399134 -0.0154009398567035 0
-0.0255797460924867 -0.018756717662417 0
-0.0453469911267301 -0.0269632891097546 0
-0.0491926353751059 -0.0260309203641405 0
-0.0179040379979843 -0.0240767926965342 0
-0.0148218112632023 -0.0236056435601146 0
-0.0277513486780059 -0.0271719262039736 0
0.0127131245527873 -0.0225869793820691 0
-0.0175969715377907 -0.0217252239763106 0
-0.00617019265776708 -0.0230056154260241 0
-0.0251651183112467 -0.0188373871062178 0
-0.022974833350653 -0.0162383516036427 0
-0.0276439821052812 -0.0236818384722295 0
-0.0256898752883293 -0.0192132055469998 0
-0.0149049345200228 -0.0194861667915726 0
-0.0145914705973619 -0.0107189172468962 0
-0.0123641603988244 -0.0118130735858705 0
-0.00755940984053637 -0.0203862373455149 0
-0.0174352940509536 -0.0164744818055016 0
-0.0259992592303366 -0.01302854805097 0
-0.0251003812340059 -0.0234584947687761 0
-0.0248350692269752 -0.023500827281908 0
-0.0198975154145164 -0.0174715124395843 0
-0.0316428563819668 -0.028784941594829 0
-0.0169339889815734 -0.0172847227286603 0
-0.0135814596577987 -0.00969176997768743 0
-0.0234955277749456 -0.020277794444653 0
-0.0363917058365311 -0.0228489443993966 0
-0.00816112468207203 -0.0158192347196567 0
-0.0266908088473966 -0.0259282775584216 0
-0.0256976870496399 -0.0206245487177699 0
0.0413793491838381 -0.0201479910917019 0
0.0242616234887228 -0.010691627024998 0
-0.0115801819029159 -0.0175669892841062 0
-0.0328529565689561 -0.0196354201848964 0
-0.0200756941606141 -0.0180140461900732 0
-0.011673531036582 -0.0171731546252554 0
-0.0135354930089989 -0.0136140102570204 0
0.00548343575398128 -0.0231761706628672 0
-0.0321596537528339 -0.0187177179788123 0
-0.0266099778502587 -0.0264231029899969 0
-0.0104774940657668 -0.00886123721905299 0
-0.0325457151357213 -0.0241909186381379 0
-0.0181403309256472 -0.0228034398782598 0
-0.0216653310526675 -0.029237492951234 0
-0.0326244984584251 -0.0163294954218444 0
-0.040619130675816 -0.0248616521489224 0
-0.0549684759112543 -0.0342873378633502 0
-0.0300399243792089 -0.0264023466273925 0
-0.0234196339403966 -0.0178012475568291 0
-0.0242812409900775 -0.0267566920419988 0
-0.0403765743135775 -0.0298462093234834 0
-0.0216126046828657 -0.0265386507597696 0
-0.0333813491439695 -0.0265148319719878 0
-0.0167495610104461 -0.0128163934894846 0
-0.0310495487614743 -0.0235410802682328 0
-0.0183236616325225 -0.0239018662124528 0
-0.0175375569431544 -0.0208417734973884 0
-0.0136488694722578 -0.0135443199212911 0
-0.027093573417201 -0.0157090332799255 0
-0.0260065157862814 -0.0159552372869875 0
-0.0374963601430625 -0.0198255723687474 0
-0.00681551053617224 -0.0178360310815215 0
-0.0171003020947719 -0.0136085285010328 0
0.00185239487606859 -0.00868743921342981 0
-0.0393828466827693 -0.0298246911261028 0
-0.0175860343548211 -0.0201176810341957 0
-0.0223401390080887 -0.0190741987251131 0
-0.0230340028975285 -0.0253430163626019 0
-0.0193919643870164 -0.0263972109494448 0
-0.0149824761773702 -0.0172392590004033 0
-0.0159861326205061 -0.0286542337981952 0
-0.00770664730130088 -0.015462893421296 0
-0.0170032170503946 -0.0141275436110483 0
-0.0238777766729476 -0.0213070044759784 0
-0.0289847814000755 -0.028328598251899 0
-0.0186260506052344 -0.0222207962640339 0
-0.0179178159262888 -0.0193046690420473 0
-0.00897298812219166 -0.0220706797206789 0
-0.0231931311499887 -0.0280228524481567 0
-0.032908212282161 -0.0232005009633937 0
-0.0187752244527295 -0.0177201770862399 0
-0.0309746000670198 -0.0226621084012958 0
-0.0142925745248995 -0.025397333616765 0
-0.0205639916456259 -0.0302446211211227 0
-0.0117793409905903 -0.014317364909076 0
-0.0205713719034682 -0.0148056268742395 0
-0.0114253711861014 -0.0169635000424239 0
-0.017766596766791 -0.0210032365971896 0
-0.0180046427212092 -0.0185900896807073 0
-0.0151503081246342 -0.0142033727344106 0
-0.00784665226778719 -0.0277817168789975 0
-0.00121885050355275 -0.0145702982261363 0
-0.0384046891151936 -0.0131887048515385 0
-0.0240370759697469 -0.0227087976169497 0
-0.0229733394156671 -0.0211587772134666 0
0.0090948690954581 -0.0143714304620687 0
-0.00698013778009624 -0.0140928751878247 0
-0.0249178500350872 -0.0195686606414739 0
-0.0244330299788017 -0.0235346217595964 0
-0.00258192918731727 -0.0120811040496456 0
-0.0118461721925415 -0.0207221271377781 0
-0.0305402908304396 -0.0314818298190922 0
-0.00568941437364609 -0.0202546297655922 0
-0.0194045428826791 -0.0180759655720675 0
-0.00902246346225521 -0.0107407235383508 0
-0.0324923176064033 -0.0289840159812988 0
-0.023362170274303 -0.0154778652657826 0
-0.0128376717916333 -0.0107704199482252 0
-0.0259623978453567 -0.0237605427195754 0
-0.0225860714348002 -0.023500660254309 0
-0.0278363420448831 -0.0220079979760003 0
-0.0180060715518951 -0.0112933376609148 0
-0.0192599551213763 -0.0140911427423028 0
-0.0325359293855403 -0.0279075121809073 0
-0.010866639298899 -0.0227841825442382 0
-0.0135269775321394 -0.021200311824019 0
-0.0204189482005239 -0.0315899259559999 0
-0.024436427603795 -0.0189084730981736 0
-0.00833875403363987 -0.02119217218917 0
-0.00641114749520951 -0.0176706316645334 0
-0.0325078169610058 -0.0102225792493313 0
-0.00902354645586342 -0.00519175371872852 0
-0.0307933784193542 -0.0180939602984306 0
-0.0084853269536624 -0.0201833460475177 0
-0.0168248980080084 -0.0268190725359055 0
-0.0017907510209119 -0.0141380744716698 0
-0.0259562247841849 -0.0237023417612107 0
-0.0211417818192587 -0.0162545645676108 0
-0.0250568008439057 -0.0281870451045281 0
-0.0217033311908812 -0.0232195966491146 0
-0.0154425845498903 -0.0159924545671216 0
-0.0498609645180741 -0.0250271077026634 0
-0.0203702511881874 -0.0221966238261037 0
0.00661830180127634 -0.00327521079171163 0
-0.00147483855426787 -0.019709579799084 0
-0.0175564765742217 -0.0165914666078931 0
-0.0276073006922082 -0.0201876737908764 0
-0.0129011278838715 -0.0235619819474027 0
-0.0223053920867727 -0.0224051547031337 0
-0.0179477103930218 -0.0217467995830208 0
-0.0243223857969419 -0.0220093884106687 0
-0.0187305889632774 -0.0190305428710662 0
-0.0244178659924397 -0.0236755595346276 0
-0.0202401959260151 -0.0245966186619107 0
-0.0244928326850256 -0.0194811729612954 0
0.0040674320259256 -0.0264919793618119 0
-0.000486108353159999 -0.0230099204732445 0
-0.0268264604703703 -0.0222610470930232 0
-0.0288337868574125 -0.0292018766591908 0
-0.0186190408139898 -0.02226241528542 0
-0.0188988965351017 -0.025290639313241 0
-0.0207815217301292 -0.0223072482778379 0
-0.0236462847997849 -0.0283837782642521 0
-0.00298004992432699 -0.0176565313794019 0
-0.0101470846710875 -0.0147791132236506 0
-0.0123537228733181 -0.00780465580653805 0
-0.0294992448276998 -0.0203973112782026 0
-0.0288731179067519 -0.0235104495633919 0
-0.011949649775694 -0.00907252906626756 0
-0.0107850689878273 -0.0204496002618969 0
-0.00331853230765269 -0.00852105661160923 0
-0.00516101380571334 -0.0237269715706376 0
-0.0334282984974199 -0.0200386113879789 0
-0.0191309659986652 -0.0161179170829122 0
-0.0302981958119306 -0.0289351755418124 0
-0.00744880849945954 -0.013900654184253 0
-0.0177385305259567 -0.0222260091299318 0
-0.0148254184822219 -0.0127920744793593 0
-0.015194702602147 -0.0220193349295438 0
-0.0196193520768497 -0.0207179136319993 0
-0.032908073528616 -0.0210978280870179 0
-0.0223142100839242 -0.022295585089871 0
-0.0294099050689355 -0.0149908007006964 0
-0.0131296944701207 -0.0168937273998015 0
-0.0243142015652353 -0.024997564560202 0
0.00543936329207155 -0.0157084742605864 0
-0.0264680260917611 -0.025560891306283 0
-0.023261074396465 -0.0295894749249541 0
-0.0212303926631397 -0.0197074915358342 0
-0.0108528325885912 -0.0172047994653358 0
-0.0373174422017074 -0.0301722816054725 0
-0.0137228150167576 -0.0135967716454487 0
-0.0239520530087129 -0.0214239877700852 0
-0.0181439236461535 -0.0290372095451168 0
0.013669373590239 -0.0250155069037488 0
-0.0306917689548963 -0.0201828181275926 0
-0.0487368063036651 -0.0191254162469002 0
-0.0153822709806844 -0.018832323284659 0
-0.0290213498883151 -0.0240752208567873 0
-0.0385432928590019 -0.0216383059151894 0
0.00245037053376817 -0.0125040037023096 0
-0.0296851300194117 -0.0270581926082099 0
-0.00163031783609661 -0.0113116225238062 0
-0.0181327583170712 -0.0211065300679499 0
-0.0286674202020866 -0.0223346786812893 0
-0.0163395991488274 -0.0166420570745017 0
-0.0149526375136148 -0.0218409933840131 0
-0.0121094050177263 -0.021372260099006 0
-0.0159355284506799 -0.0209637749910349 0
-0.0262980714811002 -0.0198155262939239 0
0.00256633806333666 -0.0177033241847272 0
-0.0266452470158206 -0.0199020409465256 0
-0.0388377103989835 -0.0267446461690013 0
-0.00526488826702904 -0.0144009525172954 0
-0.0235602419024353 -0.0134637867393946 0
-0.0463485677402283 -0.0334482175477564 0
-0.0267116565395496 -0.0242329987874432 0
-0.0166414928735169 -0.0205814451745561 0
-0.0216452271813104 -0.0106643814066239 0
-0.0316578029439976 -0.0212990709413867 0
-0.012128605103683 -0.0147350960388279 0
0.00209166333573697 -0.0161425405319788 0
-0.0293630474720398 -0.0207819438754551 0
-0.0218609548287126 -0.0171804868832249 0
-0.006792312530635 -0.015172124551469 0
-0.00449124545257687 -0.0236326817685687 0
-0.0193532671653263 -0.0317740754914353 0
-0.00992908583524557 -0.0233838407562744 0
-0.010086127930569 -0.0157767572737842 0
-0.00386094287152038 -0.0173488652297863 0
0.0119181059707099 -0.0190326305390539 0
-0.0322271488924398 -0.0294986161469745 0
-0.0305147762444323 -0.0275275822297886 0
-0.0173497682160598 -0.0205683489851027 0
-0.0177903209852038 -0.0246408325229579 0
-0.0317595454978628 -0.0237607334264386 0
-0.00650341610283545 -0.0106392767584778 0
-0.0193107539827834 -0.0219479895147601 0
-0.00772288869199102 -0.0147886534108277 0
-0.0210804509369193 -0.0236646962745942 0
-0.00622213923816953 -0.0169783727884069 0
-0.0248728747537971 -0.0295451732707439 0
-0.0298591025252325 -0.0294251460727286 0
-0.0230474710591932 -0.0298004710983019 0
-0.0202934054045464 -0.020604697271254 0
-0.0185287789740189 -0.0243197885387996 0
-0.0511347998753767 -0.0229350682286117 0
-0.00357452299218052 -0.0260957489546025 0
-0.0315497959591353 -0.0267727550897175 0
-0.01034711112011 -0.0193660170545587 0
-0.0229215040169324 -0.0275460280727728 0
-0.0259026089365565 -0.0153925858342462 0
-0.0176162884063022 -0.0197349934307974 0
-0.0168064131704453 -0.0226091633599495 0
-0.00803116675934214 -0.019173773969025 0
-0.00131853003761257 -0.0253648162891264 0
-0.0112392704329326 -0.0102456324851209 0
-0.0289826436028348 -0.014265586024814 0
-0.0150180451179035 -0.0213328860488677 0
-0.0143813953484511 -0.0192659064283677 0
-0.0345696030020256 -0.015805189431072 0
-0.0133858408245132 -0.0221772416366879 0
-0.0229174606777132 -0.0128652797940338 0
-0.0152348658255193 -0.0197290794386674 0
-0.0317392523280309 -0.02536750586706 0
-0.0202660317585418 -0.0154687866894786 0
-0.0261880250827611 -0.0239874322241969 0
-6.67963965054186e-05 -0.00847820313519821 0
-0.0228669998493501 -0.0175631942276015 0
-0.033301128888402 -0.022751110193875 0
-0.0206275614933147 -0.0274442953240031 0
0.00126052418918081 -0.0344140749461445 0
-0.0188206167830875 -0.0166103723879853 0
-0.0110637396634571 -0.0188049422978387 0
-0.0291523295173728 -0.0245125599673112 0
-0.0402783786793822 -0.0266798077716058 0
-0.0120542062575624 -0.0147790112234865 0
-0.0237145742059959 -0.0256732118193921 0
0.0376702265387217 -0.0216481990044773 0
-0.0224874375510603 -0.0189040737476179 0
-0.0274898938265908 -0.018316811885618 0
-0.0211992636272878 -0.0225933945760531 0
-0.0216240400419197 -0.0253819404910771 0
0.0113537363104923 -0.00894168559108065 0
-0.0264043607562687 -0.0260011437529401 0
-0.0225390269752732 -0.0222970658202037 0
-0.0206176745458297 -0.0162857379435016 0
-0.0137383774332974 -0.0160750643307746 0
-0.00682831626274395 -0.0177744160580754 0
-0.0402811097187837 -0.0247186239153832 0
-0.0287770377607934 -0.0233927131968704 0
-0.00586886582641288 -0.0131517119566963 0
-0.0105088437875679 -0.0198075519916153 0
-0.015560614141529 -0.0188943931233072 0
-0.0272204833873673 -0.0246708883342568 0
-0.0257070021987248 -0.0165356410530377 0
-0.00553724420915755 -0.0237698187047939 0
0.00289215028180482 -0.016553192898926 0
-0.00540192588212327 -0.022573959805618 0
-0.0337399217157746 -0.0217303253273234 0
-0.020809962621062 -0.0147827652779649 0
-0.0128236056871682 -0.0187825730411888 0
0.011129074597792 -0.000861124434658283 0
-0.0188402178196677 -0.0200454379223541 0
-0.012759289399819 -0.0144163593017753 0
-0.0214523600389852 -0.0273570751634324 0
-0.0261036772216447 -0.0299419529600753 0
-0.0115317896676731 -0.014454646492419 0
-0.0119421843868258 -0.0208496796887473 0
-0.0248593709234854 -0.0288668657836987 0
-0.0290885200911742 -0.0231838025166165 0
-0.0119729195104957 -0.0166452483822331 0
-0.0158932525228545 -0.0270993035266954 0
-0.0421585863796934 -0.0239113763331382 0
-0.0226022635722675 -0.0199483127386756 0
-0.0241443442120075 -0.0239703344672475 0
-0.0226244209654564 -0.024250012616921 0
-0.0206511307730288 -0.0199092001737483 0
-0.0235564618409284 -0.0146634021959896 0
-0.0169307157926063 -0.0129257089200426 0
-0.0355036501158195 -0.0241792215605248 0
-0.0237491518755939 -0.0151272352333192 0
-0.0154107007583675 -0.0225430467321018 0
-0.0153985028836632 -0.0239319767609941 0
-0.0215831759936881 -0.0215530907611353 0
-0.0170123833920554 -0.0288165381006456 0
-0.0175765364807042 -0.0200188992860691 0
-0.0285716294852119 -0.0210535577444085 0
-0.026061887569836 -0.0243451450662376 0
-0.0263917793711242 -0.0246615329177243 0
-0.0137555624172335 -0.0153721680228448 0
-0.00718219106619944 -0.0217059188016681 0
-0.0292898337234475 -0.033330639860844 0
-0.0100734710428604 -0.00954103884771348 0
-0.0238192308074033 -0.0217316490811902 0
-0.00652690378659609 -0.0188271222552109 0
-0.0153970351803197 -0.0187367056227153 0
-0.016085781439922 -0.0132281144789252 0
-0.0228577284531943 -0.0166597735555431 0
-0.0209907588733841 -0.0165116604415735 0
-0.0190113248160026 -0.0291108606976328 0
-0.0227086652413045 -0.0218094941921806 0
-0.0150992885097459 -0.0204792281200839 0
-0.02384839463198 -0.0194008484004109 0
-0.0106397317161422 -0.0108579349097629 0
-0.0104535600066117 -0.0154859769123893 0
-0.02122778396689 -0.0180578469589151 0
-0.0298884215480525 -0.0209591128676042 0
-0.0112839760516828 -0.0135583731874419 0
-0.00919939541298785 -0.0134541486100196 0
-0.0107481236875624 -0.0154497722023917 0
-0.0116051370774124 -0.0209981697136771 0
-0.0151124368881572 -0.0174503180092886 0
-0.0288951044931574 -0.0195753529533264 0
-0.0323403905551959 -0.0285765977272965 0
-0.0171013654508116 -0.0082551017584011 0
-0.0229568686087685 -0.0254376890166893 0
-0.0189976288251086 -0.0212778908142246 0
-0.0273064350132724 -0.0247227047046139 0
-0.0463282758383253 -0.0159342697765613 0
-0.0222342237235402 -0.0221411882613223 0
-0.0246484266558409 -0.014471706154553 0
-0.014551115594871 -0.00620682966219158 0
-0.0279119845958256 -0.0216336067439114 0
-0.0300290461491738 -0.0254544726473442 0
-0.0234100529718098 -0.0302755718204279 0
-0.043898203047413 -0.0202182142748759 0
-0.0109947589924656 -0.02605607985089 0
-0.0265213167920438 -0.0243686028809727 0
-0.0111643267091302 -0.0149757838096806 0
-0.0451773923906096 -0.0255009351152269 0
-0.0232427617401248 -0.0217550735393156 0
-0.0242827331446647 -0.0148017206840598 0
-0.012199142749971 -0.0186597286147015 0
-0.020643091600943 -0.0199405994028104 0
-0.00963806492280591 -0.0120096377924849 0
-0.031228366797208 -0.0244484990075654 0
-0.0270066321352767 -0.0331035001062136 0
-0.0392074216598081 -0.0262125393747 0
-0.0141034020934731 -0.0264387605262397 0
-0.0137108853395825 -0.0199220889012639 0
-0.0298600336216848 -0.0143017723508939 0
-0.0114293686857241 -0.0202908568808029 0
-0.0235207453541882 -0.0246756137670543 0
-0.0201854106323674 -0.0314953715311705 0
-0.00600505427852465 -0.019251141037311 0
-0.00906422880605943 -0.024014949808145 0
0.0125979402115487 -0.0213989065777516 0
-0.0273374596531373 -0.0219979394446142 0
-0.0124548854380098 -0.0176824442423519 0
0.000383339723121996 -0.0201417303296278 0
-0.0105266643192907 -0.0112691574120442 0
-0.023038695676392 -0.0197219940107358 0
-0.0212496519994653 -0.0247424192872659 0
-0.0241693327690337 -0.0264295315853561 0
-0.0236158426457594 -0.0311659143597437 0
-0.027100837754257 -0.0179724337216531 0
0.00104546673294076 -0.00992729282215419 0
-0.0218205472133981 -0.0225929542840183 0
-0.015803612825325 -0.0152811337639462 0
-0.0133452566242919 -0.0150942784335444 0
-0.00944047900268796 -0.00730126899134386 0
-0.0306443522163548 -0.0280070742139704 0
0.00220925197511569 -0.0144013995479826 0
-0.0320658762666848 -0.0301111299795888 0
-0.00851636714126296 -0.0185006145642052 0
-0.00772887396444029 -0.00776609382942105 0
-0.0334685553577802 -0.0309569486626648 0
-0.0218937076837642 -0.0184788929839932 0
-0.0488295847473642 -0.0187399961713693 0
-0.013834645210787 -0.0202059460127797 0
0.00203268484642622 -0.0102458188768721 0
-0.0191491259707423 -0.0165769681182826 0
-0.0178995169715419 -0.017137093519972 0
-0.0492705803497348 -0.0265507772432877 0
-0.0202572820119179 -0.0138307585558098 0
-0.0173312489756034 -0.0188678237255373 0
-0.0251340153613495 -0.0255307137378158 0
-0.0176207827769825 -0.0264707249887607 0
-0.0292699521937156 -0.018133559171602 0
0.00423175874827031 -0.0143055855602467 0
-0.0348610592642416 -0.0247658090091804 0
-0.0264060162094923 -0.0267676217515813 0
-0.027106288444616 -0.0235113661771067 0
-0.0325518579604466 -0.0222060220152058 0
-0.0321873602898758 -0.0334622102670209 0
-0.029854384198882 -0.0230199465947481 0
-0.0105370518526379 -0.0263611645759158 0
-0.0265894529778045 -0.0215883011917566 0
-0.024181649787225 -0.0174555966458932 0
-0.0128550431564236 -0.0173548670441478 0
-0.0199478109101339 -0.0132492498645995 0
-0.0124704951386795 -0.021057328213002 0
-0.0192227997963868 -0.0256025394274007 0
-0.0366345886388714 -0.0272001017498395 0
-0.0353987135997004 -0.0158852861583079 0
-0.0175014608164791 -0.0162252493057129 0
-0.00879834506783063 -0.01611506389857 0
-0.0295008759325007 -0.0214718266841548 0
-0.011672562167061 -0.0125260931479622 0
-0.0192681482897188 -0.0156416661103474 0
-0.0324309670077936 -0.0233592154278742 0
-0.00193745645907591 -0.013631431532475 0
-0.0238042738962564 -0.0164416783545942 0
-0.0212815668913433 -0.0234905099920415 0
-0.0103157734746671 -0.0218702185790566 0
-0.0141270024928319 -0.01939435881954 0
-0.0179713559472063 -0.0100327224274025 0
-0.031981192308989 -0.0224675021794483 0
-0.0208060571917169 -0.0250063087870845 0
-0.0219398959103021 -0.0170199044854528 0
-0.00993337947486212 -0.017394430322155 0
-0.0196861459809101 -0.0221732272719527 0
-0.0238395860597519 -0.0283967572187387 0
-0.0188163068468327 -0.0241746550653416 0
-0.0151529464961739 -0.0237545837483969 0
-0.00304029770206334 -0.0168674670676 0
-0.0345429250156244 -0.0225569241670587 0
-0.0141922640082611 -0.0182206426555277 0
-0.0145859130036547 -0.0194220979547355 0
-0.0197494220230199 -0.022940211280942 0
-0.00571666806889407 -0.0241842193702625 0
-0.0207355714347234 -0.0214170347278772 0
-0.0313683602534033 -0.0321892313148545 0
-0.027484082141606 -0.0277166704537836 0
-0.0260540348173038 -0.0247576636625861 0
-0.0170888962995756 -0.0217335986158034 0
-0.0240433743173585 -0.0202767677488035 0
-0.0463721635303882 -0.020676463578921 0
-0.010230097450787 -0.0161745029962631 0
-0.0221594087465091 -0.0230436468212418 0
-0.031604385062656 -0.0235636335726661 0
-0.0217532844462616 -0.0145689385615447 0
-0.00842531206900379 -0.0233916589159228 0
-0.0234145734112315 -0.0247297740137407 0
-0.0246196448296253 -0.0201249468750692 0
-0.0296520754961726 -0.0235712710413746 0
-0.0212013615054546 -0.0171084014911379 0
-0.0264623345607784 -0.0185671417971156 0
-0.0275101181220364 -0.0146917193864759 0
-0.0364164259842877 -0.0269731610590868 0
-0.0246826983185913 -0.0240379773886476 0
-0.017975909187657 -0.0185845957505517 0
-0.0153798063065904 -0.0217898257220811 0
-0.0293690180448087 -0.0115389859414562 0
-0.0215408798668488 -0.01463579749642 0
-0.025772062890825 -0.0263072816714478 0
-0.0266560793913341 -0.0272479018295615 0
-0.010980593271222 -0.0159924738704733 0
-0.0108835650308792 -0.0103416128954856 0
-0.0340520569749827 -0.0297425596051559 0
-0.0166864110800578 -0.0234015695356221 0
-0.0241927623695496 -0.0239494037091496 0
-0.0725244403317059 -0.029081195206724 0
0.00249501109167909 -0.00870644699401176 0
-0.0108817516072865 -0.0291394339548231 0
-0.00778171091809571 -0.0232821038712657 0
-0.0238236475902612 -0.0204465607945327 0
-0.00434496255016198 -0.0195528401247244 0
-0.0303152777776932 -0.0258273458039068 0
-0.0317379717416961 -0.0183251219042257 0
-0.0223702842291629 -0.0126116964271366 0
-0.0138909451919664 -0.0160254293816373 0
-0.0322887608996009 -0.0267717977365468 0
-0.0177084086752529 -0.0239936170542994 0
-0.0205034248706605 -0.0159917483097162 0
-0.033115076119178 -0.0299297390410792 0
-0.0231684599662083 -0.0238400152612004 0
-0.0211938436176006 -0.0174778507029985 0
-0.0110757342282886 -0.018608934672488 0
-0.0159079564208199 -0.0241181574615088 0
-0.00934364013815436 -0.0182288285591078 0
0.0013771981816463 -0.0231987778772388 0
-0.0120330368502655 -0.0193083628452115 0
-0.0200567123274405 -0.0218837912041943 0
-0.0430836739055044 -0.0277838935461733 0
-0.0235930265507753 -0.0180319823932968 0
-0.0287334163340275 -0.0236600996264078 0
-0.0238992001263462 -0.0226118950448376 0
-0.0448595584799176 -0.023210594729335 0
-0.0404708127822598 -0.0222338352119975 0
-0.0154881512034625 -0.0203575073511193 0
-0.0224061430480322 -0.027133819315925 0
0.021911635511667 -0.0198653582017814 0
-0.0203635137878243 -0.0217456172541154 0
-0.0260048339514927 -0.0211103132751761 0
-0.0196568813893062 -0.0275979129493651 0
-0.0251904782862235 -0.0179719828996256 0
-0.0288935366726146 -0.0247773348205922 0
-0.0183239030014408 -0.0251180757266868 0
-0.0289524704314935 -0.0267404862473992 0
-0.0147776758973083 -0.015974630388841 0
-0.0363982013868015 -0.0237538718471099 0
-0.00911438736080615 -0.0141250802917975 0
-0.0192916337802518 -0.0206936532116485 0
-0.0129497754405278 -0.0179913387146035 0
-0.0461980309341529 -0.0225556790268035 0
-0.0200500481902778 -0.014437612202856 0
-0.0201740793177239 -0.0264451996010929 0
-0.0250382309854123 -0.0262813347030325 0
-0.0192036880941744 -0.0211227535374979 0
-0.0208593546969357 -0.0200866336602797 0
-0.0228326429470946 -0.0222986998451219 0
-0.00940536749439428 -0.022146358724686 0
-0.0554598777753455 -0.0254994819273721 0
-0.0219194814903303 -0.029582099624625 0
-0.0270740241767893 -0.018778064056653 0
-0.0113237129523052 -0.0190624472919874 0
-0.0339723776549644 -0.0186560515577799 0
-0.0337136749612458 -0.0268361382798886 0
-0.0281083694530316 -0.0326077243074685 0
-0.0127486256483903 -0.0136119617076589 0
-0.0265430236479628 -0.0320095616484261 0
-0.0194445397325196 -0.0152290367308983 0
-0.011775095003551 -0.0206296897610339 0
-0.0351021751567021 -0.0225761237806357 0
-0.012358347123602 -0.0218292891801571 0
-0.0166946863211428 -0.0208644712208271 0
-0.039036305348925 -0.0192487235281957 0
-0.016856871806912 -0.0197854592581911 0
-0.032673140875223 -0.0184721941894831 0
-0.00418926307314082 -0.0117107603912584 0
-0.0226244116472717 -0.0185413281430522 0
-0.0348368270749543 -0.0235327264710975 0
-0.0215534938536949 -0.0175156172929585 0
-0.0627134928555985 -0.0165011188598195 0
-0.0189140728872106 -0.0215615465564888 0
-0.0252282642458603 -0.0167215394974647 0
-0.0343299708001153 -0.0293015474658702 0
-0.0323403367143001 -0.0209243059916853 0
-0.0168078262488028 -0.0184930564033187 0
-0.0158930610858024 -0.0175214043206412 0
-0.0387172546264607 -0.027227143100193 0
-0.0236887372973397 -0.0202067371774914 0
-0.0481873751480266 -0.0311468741566622 0
-0.0103273700670256 -0.0159232915318525 0
-0.0222629464386364 -0.0196395033102463 0
-0.00549652506194973 -0.00527682210739923 0
-0.0288925384306027 -0.0265399842262238 0
-0.0124749577170765 -0.0151286216280593 0
-0.0284951794577333 -0.0113930385175949 0
-0.0391006011498534 -0.0233419844002399 0
-0.0301781153137584 -0.0262819353495426 0
-0.0157328658827861 -0.0208384686100869 0
-0.0139296035579678 -0.0184586704655142 0
-0.0360642129572794 -0.0328791514931351 0
-0.00493997915896731 -0.0136996946701802 0
-0.0143759376013714 -0.0186284454018005 0
-0.0125855543710557 -0.0209509869116151 0
-0.0195712422733766 -0.0134893609791457 0
-0.0159930813125341 -0.0154745619540693 0
-0.0207306930540107 -0.0153532605790244 0
-0.00892615703283918 -0.0250310292911618 0
-0.0164132841159712 -0.0203129143919441 0
-0.0161040904908001 -0.027928729305293 0
-0.0217127855527819 -0.0187037560278908 0
-0.0268859992188269 -0.018121917569896 0
-0.012176175776485 -0.0168040953594681 0
-0.012818700278102 -0.0157263161197283 0
-0.0182025383406124 -0.00961304608714698 0
-0.00600607156738453 -0.0102949698810036 0
-0.0348552548262835 -0.0204799742324517 0
-0.0128551549144341 -0.0143885242008815 0
-0.0209075462123881 -0.0341688608437503 0
-0.0447883735399337 -0.0284116798989146 0
-0.015688852594274 -0.018194350026867 0
-0.00946105651231743 -0.0123765264790836 0
-0.00666475550122043 -0.0117427904236142 0
-0.0342661233915589 -0.0278756817857955 0
-0.025287320416532 -0.022952397586926 0
-0.0239864135198683 -0.0278858311572011 0
-0.0144182437875932 -0.0176642235225962 0
-0.00816487198269116 -0.00931895672569783 0
-0.0139724637365799 -0.0175536535404135 0
-0.025551862043814 -0.0265899869827124 0
-0.0250414283880281 -0.0217863369768046 0
-0.0261991165941317 -0.0211909985086958 0
-0.0110956848500227 -0.0186462048243918 0
-0.0256397202726875 -0.0255293405861811 0
-0.0387932268419622 -0.0259288691918688 0
-0.0214384105941136 -0.0229136569659775 0
-0.0458720610649966 -0.0253470507570521 0
-0.0218616397552218 -0.0287702864259054 0
-0.0129316663203376 -0.0132560941037425 0
-0.0027236610471512 -0.0110743763336737 0
-0.0150284104403378 -0.0167974190794796 0
-0.0184002126867623 -0.0193496528573733 0
-0.0138062926402608 -0.0140035209969229 0
-0.0129893732523583 -0.023133225474269 0
-0.0198149756371762 -0.0225804318145568 0
-0.0136994726390486 -0.0191283118575091 0
-0.0241536953811008 -0.01632888417288 0
-0.0133532853898401 -0.0254409914321842 0
-0.00448703490814393 -0.0140153266649723 0
-0.00621977351466306 -0.0134364059501822 0
-0.0260447703938672 -0.0213927046410914 0
-0.0103121504839267 -0.0111757792403918 0
-0.0270562568781514 -0.0237366390406929 0
-0.0343783747457539 -0.0293221233653264 0
-0.0282486434254472 -0.0175720812627082 0
-0.0305592627531334 -0.016499435055332 0
-0.0141769853009085 -0.0137841320056024 0
-0.0197243405000418 -0.0226633735855393 0
-0.0174884814682081 -0.0240894232409861 0
-0.0227006742767422 -0.0283490112829731 0
-0.0195886534765281 -0.0261305913279488 0
-0.00596930484844709 -0.0165686555456521 0
-0.0344707366241169 -0.0245816500898968 0
-0.0170661288497519 -0.02005071539227 0
-0.0175366726601419 -0.0240352222443301 0
0.00921200700666257 -0.0127584088124663 0
-0.0106846716955563 -0.015800448966236 0
0.00439769088815211 -0.0179428559261359 0
-0.0043893535009824 -0.00295190866934803 0
-0.0166799760510546 -0.0239437048808887 0
-0.0207438306546142 -0.0252060703172475 0
-0.0164744166822977 -0.0139556725727564 0
-0.0254855228860568 -0.0246023485268601 0
-0.0237145452384074 -0.0189208447512599 0
-0.0145304589485547 -0.0154183416223986 0
-0.0139511033501384 -0.0199929434503751 0
-0.0188851454153913 -0.0249979393499836 0
-0.027915665869983 -0.0244947749205881 0
-0.0230691740174689 -0.0249532012004111 0
0.0138169165163416 -0.0148301673657034 0
-0.0295422294489079 -0.0293985443046156 0
-0.000888874543018739 -0.0151904096654677 0
-0.0210052928984592 -0.0191752333832569 0
-0.00240069784487119 -0.014213629666972 0
-0.0225703085748791 -0.0167866781111501 0
-0.030253412386798 -0.030988637984702 0
-0.0217760011820086 -0.0187863027357169 0
-0.000773821441252711 -0.00669785376264457 0
-0.0239647183759957 -0.0366865868527585 0
-0.0144095636541294 -0.0170863610462766 0
-0.0136852635257886 -0.0184916669961646 0
-0.0211455968133242 -0.0300684726374099 0
-0.0310433602291407 -0.0151832662733564 0
-0.0157036011781184 -0.0190619067759517 0
-0.0182495207498832 -0.0219896759075519 0
-0.0358027379443029 -0.0261024169969616 0
-0.0245594069497983 -0.0191153857981489 0
-0.000616991569983072 -0.0295207482886021 0
-0.0257037459518607 -0.0266851084594559 0
-0.0119279431031869 -0.0164845225828003 0
-0.0593475703806753 -0.0151141451579982 0
-0.0181559410117723 -0.0230758875456169 0
-0.00480150978879245 -0.0147374044110997 0
0.017986018891699 -0.0209136756632221 0
-0.0474883964805042 -0.0220671684297422 0
-0.0247940884979506 -0.0199474280504999 0
0.00101545725394288 -0.0118785625985907 0
-0.00431359640290638 -0.0187536379330233 0
0.0137125287542673 -0.0201566993075917 0
-0.00756990204693648 -0.0068140122755953 0
-0.00496322452205667 -0.0191895111762698 0
-0.023928514000591 -0.0304258456608007 0
-0.0285701564870667 -0.0326464269456599 0
-0.0443008038703302 -0.0247769020370118 0
-0.0244223867535268 -0.0186441769650291 0
-0.0102119115487967 -0.0179192011310301 0
-0.0165422336847853 -0.0220836174447807 0
0.0177693204417744 -0.0193988556959203 0
-0.020650196821518 -0.0237635356519531 0
-0.0246299877018884 -0.0256988003713702 0
