LMM GLMM GEE
-0.0167607851560175 -0.0199527349211534 -0.0157539634597648
-0.0251270119077312 -0.0236302913878069 -0.0235281420463656
-0.0152006614117608 -0.0163735078539301 -0.0156524550949437
-0.0188118130487235 -0.0226853828755572 -0.0183000996434658
-0.0192703737970784 -0.0203951801516625 -0.0189001801319514
-0.0117776429450315 -0.0168055436233938 -0.0141315809079698
-0.0159883381230726 -0.0210675723892095 -0.016247555960062
-0.0175389395156379 -0.0176556439141786 -0.0164687187650017
-0.007 -0.00753484298773225 -0.00746580209851449
-0.00992308473037649 -0.011623864515412 -0.0105066333829924
-0.0113394921776653 -0.0132699505458098 -0.0112762836902931
-0.00959848111292792 -0.0128880840069283 -0.00929161057499252
-0.0192763649971365 -0.0192611525606402 -0.0197774510682252
-0.0187242918001438 -0.0213297185044728 -0.0200603000933841
-0.0176300664259058 -0.0173133216919465 -0.017832134396889
-0.00601113632572531 -0.00203659826546282 -0.00595428685288249
-0.0244027389660415 -0.0256634908791885 -0.0242553443929961
-0.0141733748196824 -0.0118099696880476 -0.015219630358744
-0.0122292896631766 -0.00934171094710211 -0.0118575412937722
-0.0260226173496595 -0.0264520296194019 -0.0275074020431152
-0.0130180592190664 -0.0136674798247361 -0.0127594716231282
-0.021072578828458 -0.0180984988021393 -0.020435282857089
-0.0113573366623774 -0.0145809910553326 -0.0108739471017528
0.00996226905563455 0.00991196022104495 0.00854679702019739
-0.0284962047677751 -0.0236496969085526 -0.0275435755446527
-0.0212810795932129 -0.0212767968381635 -0.0209270829302313
-0.0141707005427071 -0.0154198011810576 -0.013106675625315
-0.0137834568417936 -0.0162064294819228 -0.0139817315619674
-0.0170750383342381 -0.0234978899760149 -0.0180785473090744
-0.0184972431313966 -0.018616841225822 -0.0186863569977184
-0.0154116514045725 -0.0182045658637255 -0.013816371985326
-0.021658635974048 -0.0215709909545184 -0.0209037564674677
-0.0177239823600731 -0.0166120013744904 -0.0176768436549694
-0.012222916283545 -0.0126197989299584 -0.0121732723549607
-0.00332544490140454 -0.000827269045443199 -0.00297159144786031
-0.0095709432410429 -0.0112114177665793 -0.00872612877281909
-0.0210004990868151 -0.0195873662412977 -0.0201131905085414
-0.0229051386751017 -0.0189698522271429 -0.0215120283205037
-0.0229922378614536 -0.0220325258455329 -0.0228259628984534
-0.00715733688985029 -0.0057376203376441 -0.00506466234718695
-0.0214301239668387 -0.0195827649278143 -0.0215412796129309
-0.0240221194407743 -0.0218867974879143 -0.0233539222357977
-0.0162196014374102 -0.0165325778233278 -0.0157848820472207
-0.0161433450226893 -0.0163821041030739 -0.0155973355976901
-0.0158136190408145 -0.0171347115904046 -0.0149575891349772
-0.0219505720956684 -0.0208394734677345 -0.0211348423482352
-0.020465359917432 -0.0220934167307595 -0.0220841440187018
-0.0216810352262598 -0.0171784268923595 -0.0212656803100968
-0.0225422063442573 -0.0201488639998653 -0.0226747811133599
-0.00732416239784033 -0.0115274208308603 -0.00774759127775898
-0.0160793561129806 -0.0183936258494198 -0.0161451622139896
-0.0211449084508383 -0.017448917884631 -0.0196713134033078
-0.00357875342219564 -0.00216902423845571 -0.0038666321451063
-0.0168329275906163 -0.0157503457639359 -0.0158454533203696
-0.0213494871303306 -0.0204976412059716 -0.0206213189321669
-0.00680559604633604 -0.00737198336630905 -0.00748222633918051
-0.0161819961463345 -0.0151780630318942 -0.0160354315226105
-0.00918491204941261 -0.0115030458372822 -0.00947601304347872
-0.0115079829204169 -0.00592614796802255 -0.0111912654678716
-0.0168090375669206 -0.0171111265806226 -0.0164556729623047
-0.0130258507300057 -0.0115084531144915 -0.013212433324051
-0.0110272930093203 -0.0116538122292565 -0.0103356056621906
-0.0198084901534814 -0.0190079617425673 -0.0183323481540769
-0.0157212594929979 -0.00768546043066478 -0.015541371639218
-0.022158764622024 -0.0192256659185877 -0.0228183284119411
-0.00307814030678665 -0.00473975430181342 -0.00377828653092954
-0.00803261902614477 -0.0136770753796482 -0.00894856535146052
-0.0107631403847115 -0.0130918447859496 -0.011836055496233
-0.0216675626255189 -0.0213043250573044 -0.0207030505195885
-0.0274132307978893 -0.0304070368272358 -0.0280991398263423
-0.0228888998751313 -0.0216431424092637 -0.0223172753469294
-0.0192646872771067 -0.0192243470509734 -0.019353829444368
-0.011239841972774 -0.0111142133013876 -0.0121705429058187
-0.0227853487473597 -0.0239741411406109 -0.0232220582518812
-0.0254078027738915 -0.0235632670958885 -0.0250071818092203
-0.0224225501369849 -0.018230806604965 -0.0206213840716039
-0.00584830454341764 -0.00620224383027381 -0.00602986401998263
-0.0090709648143557 -0.0108716452438981 -0.0102679861005592
-0.00625530103190512 -0.00628485801416179 -0.00616550045075502
-0.0162593760273244 -0.016201161389745 -0.0175756026334807
-0.021 -0.0233648117166935 -0.0210107574755808
-0.0203122428101175 -0.0214747488768195 -0.0206089668751313
-0.0165736811934767 -0.0110929459698439 -0.01582835467916
-0.0146829196447331 -0.0158750126409036 -0.0161189738026667
-0.0135874303290577 -0.0162752601465003 -0.0126318758495773
-0.0225671788264271 -0.0232413660919068 -0.0209629653541956
-0.0096611251800679 -0.0117430523029985 -0.0091445536946412
-0.0230959593824673 -0.0156870936446143 -0.023168764954937
-0.0183779290219896 -0.0167575739635053 -0.0181195118193354
-0.0103376667178296 -0.0121002441519174 -0.0106234794958817
-0.019327564391686 -0.0185140573938702 -0.0183823630632388
-0.00871637109454322 -0.0130204423816013 -0.0113594191156338
-0.0177762270857666 -0.0202096611649144 -0.0170941163846623
-0.0255108854558219 -0.0216234198742841 -0.0257376644877531
-0.016389559921774 -0.0165594066841425 -0.0159998112651298
-0.0111557412459656 -0.0145641587035655 -0.0109097062821738
-0.00095906389305706 -0.00147841418304177 -0.00130596665747053
-0.0162383927137692 -0.0168393720561241 -0.0164716082567765
-0.0153533474264723 -0.0147980295746258 -0.0144209449570029
-0.0123703748872176 -0.0100575830713905 -0.0118246503871939
-0.0088098535281819 -0.0094871862082554 -0.00825160646492896
-0.00875545143100628 -0.00883718043863185 -0.00909719221502874
-0.00696068164040715 -0.00994630707348905 -0.00679263713804696
-0.023364717548621 -0.0224186228853098 -0.0232096145345677
-0.0179791460970964 -0.0210189184217396 -0.0185998343251376
-0.0261041127351369 -0.0265561353135761 -0.0260293215169743
-0.0212963339873837 -0.0215676629957598 -0.0209767257685977
-0.0150713820611758 -0.014715797867894 -0.0166444509270815
-0.0147672005045905 -0.0249442188560038 -0.0161113926956007
-0.0171252603352408 -0.0165815419305846 -0.0184080761323454
-0.0186093487585361 -0.0216925091722784 -0.0183378768655262
-0.0165626994413027 -0.0134699864714107 -0.017687362149794
-0.00792005816051423 -0.00725073046434269 -0.00705088998506618
-0.0109406826815215 -0.0110533404197573 -0.0102704359159631
-0.00428065641557367 -0.00192165296802618 -0.00411822962022016
-0.022886512117888 -0.0163792891304562 -0.0215479296312084
-0.00589593286691977 -0.00709507351343587 -0.00594942990587389
-0.015295056890028 -0.0164432825022815 -0.0152098622547935
-0.0214162313896949 -0.0217309041279943 -0.0214467370764847
-0.0211666666666666 -0.020062599770841 -0.0214061402305461
-0.0283769716627819 -0.0261566823444465 -0.0278670613148648
-0.0164842633807879 -0.0175124961249142 -0.013964231040027
-0.0235081586373646 -0.0230592126962834 -0.0232453668660363
-0.0215232422714319 -0.0233685649196529 -0.021490090167916
-0.00848434004286774 -0.0154547391584753 -0.00815717963443384
-0.0203463653990912 -0.0244973916236896 -0.0214296014872855
-0.0161326312673693 -0.015976544070824 -0.0157417146077858
-0.0119900311419378 -0.0118027352212868 -0.0120422710822276
-0.0120378514010056 -0.0111344915808162 -0.0126833718089671
-0.0156482459404565 -0.0150909815000975 -0.0161870163862276
-0.0142225770853248 -0.0167544529798115 -0.0151493633161611
-0.0200237907968543 -0.0201649555692351 -0.0219890476299209
-0.00925234179957377 -0.0101465947894211 -0.00898849102469388
-0.0188708975299392 -0.0204361706021022 -0.0187303816873334
-0.0287798536332027 -0.0268262047506234 -0.0276832576227118
-0.0221346937744989 -0.0241336092282936 -0.0215238965601267
-0.0151272532219623 -0.0168503193516503 -0.0153423686579283
-0.00974477416206983 -0.010811119911042 -0.00948420156360438
-0.00987627190439595 -0.0104016612142928 -0.00901431728599091
-0.0167868303898375 -0.016275522715058 -0.0161409966365056
-0.0190983713327074 -0.0197473154060565 -0.0189016717822464
-0.0158354596195945 -0.0153378937704209 -0.015321808061467
-0.00944387239106773 -0.00483802881585942 -0.00913855036633794
-0.00942444818198908 -0.00799980145766948 -0.00811683443436064
-0.0126723959672075 -0.0118092438685831 -0.0125179766020372
-0.0100099258379572 -0.0122242827636709 -0.0100281798477793
-0.0212447883314245 -0.021929539906858 -0.0212991637822016
-0.00945806963207593 -0.0117605997198502 -0.00932261739146388
-0.0205111641520395 -0.0210424499511944 -0.022713191963547
-0.018405815711282 -0.0189943709891263 -0.0193280872105485
-0.0105230038322825 -0.0139942599012038 -0.0118028289448949
-0.0128558613214734 -0.0121133063646265 -0.0135551206740461
-0.00962287014764208 -0.00529549424389886 -0.00920434501765508
-0.0237246877535604 -0.0236221076549085 -0.0243324735957986
-0.0163090935497707 -0.0182997519343044 -0.017158820440369
-0.0140032984408051 -0.0153498365743739 -0.0133513029000806
-0.0208683092275828 -0.0189004231801312 -0.0215180988346041
-0.0174563913756562 -0.0176854355063747 -0.0166592853297119
-0.00852097191434285 -0.0075465401169452 -0.00667912203885523
-0.0167669667723442 -0.01520839635839 -0.0157659398530895
-0.0177799440228365 -0.0167475967405865 -0.018265752394738
-0.0150985256010944 -0.0149046292754643 -0.0137646109725649
-0.0195935830755558 -0.0216028406277889 -0.0195064876677442
-0.0174348270775927 -0.0193348265704421 -0.0164860538910192
-0.0106499065577126 -0.0122029305365447 -0.0113525569228179
-0.0142310168640325 -0.0149091010958076 -0.0136396451392422
-0.0137104303249056 -0.0181559396759415 -0.0146321293070268
-0.023483726495432 -0.0200771751313838 -0.0221608836486005
-0.029066859263239 -0.0263337435963147 -0.0296277770928441
-0.0179948374331813 -0.0202292167604311 -0.017105567965225
-0.010702696853735 -0.0134163202448019 -0.0113712096829993
-0.00225183776443551 -0.00209402883021907 -0.00121917619033029
-0.0137929661377466 -0.0124079397252377 -0.0131387976235543
-0.0170216325553693 -0.0154424240709087 -0.01619965950136
-0.017754183020035 -0.0187102171220768 -0.0162623884857094
-0.0145222502658173 -0.0172177463692506 -0.0138799804876919
-0.00640500432402233 -0.006508371522281 -0.00675009721502659
-0.0136965426786044 -0.0147932089295611 -0.0136561478755656
-0.00972692339089151 -0.0128219893628715 -0.0102517036701104
-0.0174229035734336 -0.0174864183699481 -0.0176936358560069
-0.015681318574515 -0.0149743729220773 -0.0159640230824435
-0.0191077694209731 -0.0171682670730595 -0.0179604156089708
-0.0170803414879207 -0.0193924229314852 -0.0166433209885944
-0.0154884093723786 -0.0154513042704415 -0.0169748289880366
-0.01689644326962 -0.023133675442805 -0.0173133397338735
-0.0175659006729926 -0.0207168100038322 -0.0184012249180762
-0.0222717634347017 -0.0169716989134668 -0.0224197660990329
-0.00236198992076472 -0.00332425168586763 -0.00121166920478969
-0.00735005393063652 -0.00619745236867749 -0.00710126738796123
-0.0194852917680835 -0.0154538363827161 -0.0198244703925578
-0.0122869076368546 -0.0155178704505026 -0.0131517165082361
-0.0158876930534261 -0.0230922771971722 -0.0168442543966891
-0.013464740169815 -0.0189346423294531 -0.0139683223734813
-0.0165882179824244 -0.0168574593179932 -0.0163513141993576
-0.0261271174456526 -0.0179403680585273 -0.0258760588226009
-0.0177329429445059 -0.0145556635949559 -0.0179079464612491
-0.019828103741586 -0.0188451687951052 -0.0196735987963348
-0.0295914457317473 -0.0271093132622115 -0.0282208500196582
0.00216216840313028 0.000917056040117232 0.00192093040293214
-0.0243277474953165 -0.0256046012691614 -0.0244594064322528
-0.0179458766164091 -0.0180439666887706 -0.0183957799668824
-0.0174556143806789 -0.0137994668959613 -0.018777761771767
-0.00968154057517761 -0.013238680436447 -0.00989335590189753
-0.0282822735694709 -0.0280631903773086 -0.0283538944789283
-0.014770282494527 -0.0179058216525495 -0.0148048916540378
-0.0067144644399227 -0.00837472805646342 -0.00653417181532411
-0.00695568861789753 -0.0112089767361847 -0.00701645304945154
-0.0122545386961561 -0.0130482474740126 -0.0114558527844144
-0.0281147058369463 -0.0277718802434721 -0.0270761166425618
-0.0133137899275127 -0.0133899527106231 -0.0128471941378882
-0.0125493765304473 -0.012567807949115 -0.00984248622199913
-0.00555175048396528 -0.0103868868686344 -0.00603373363363429
-0.00226137895822407 -0.00844954033017582 -0.00465533598736419
-0.0147988807853593 -0.0145885838976684 -0.0147120902664638
-0.00349891804191197 -0.0048202671720921 -0.00418187932614138
-0.00972365192096343 -0.00912600189303988 -0.0101936692604884
-0.0122995458675954 -0.0143743008654589 -0.0123923378644648
-0.0102700307361879 -0.00955140444780161 -0.00984463814674785
-0.0220025113417873 -0.0220676515626643 -0.021392118451852
-0.00611988924581127 -0.00598667006062868 -0.00590738663761814
-0.0120437288124734 -0.0156460988371944 -0.0113698083624338
-0.0159678068759957 -0.0158012942365381 -0.017629461632603
-0.0228694139618033 -0.0226731803172069 -0.0234367267806524
-0.0169889405876172 -0.0172398648038103 -0.0176120496928931
-0.00568340341336363 -0.00578288791517461 -0.00684831870150943
-0.00322728204135744 -0.00349105189199873 -0.00329164246301165
-0.0167679543203321 -0.0158159825100484 -0.0166994293850433
-0.00610467282551266 -0.0076133264501344 -0.00648251726057575
-0.0242354826448777 -0.0211681185950564 -0.0236746705630399
-0.0145118443498715 -0.0118336481094393 -0.0134846391699972
-0.0206495835618022 -0.0187818792653776 -0.0186559830499149
-0.0222854683531542 -0.0243028823104072 -0.0229510652909363
-0.00528279819320543 -0.0050004046214163 -0.00577274606725134
-0.014664616632684 -0.0170450878367818 -0.0153189601835682
-0.0140223056528203 -0.0164476340548937 -0.0141175517342238
-0.0202343942973051 -0.0219406078812293 -0.0210749169302434
-0.017402413525104 -0.0138576592644364 -0.0170627026413181
-0.0182875689413594 -0.0127479410142583 -0.0177807238262885
-0.00971770129487465 -0.013046794585874 -0.0104344838167879
-0.00964241240280598 -0.011346004468423 -0.0102155607809347
-0.0178871184849899 -0.0179331345435492 -0.0181508405340513
-0.0191800560543819 -0.0185491060840955 -0.0193716392389122
-0.012574060261466 -0.0157898968986616 -0.0128465771468817
-0.0038934734355087 -0.00364827977193429 -0.00322228799180665
-0.014332091769957 -0.0141146272649098 -0.0134611260426439
-0.0173269935124863 -0.0211185067377542 -0.0176117825344667
-0.00990759051858709 -0.010650679251384 -0.00987431478332374
-0.0101588978577639 -0.0114157984366025 -0.010198472390387
-0.0140145347021356 -0.0164916291329609 -0.0136810472805194
-0.00748326952076283 -0.00530491117211904 -0.00827283313457666
-0.0155070576783658 -0.0155577684467711 -0.0176577969329004
-0.0161984756272818 -0.0174032963600245 -0.0157163364743704
-0.0251981233668141 -0.0183276082781281 -0.0231904409020192
-0.00605821388138129 -0.00945919568518108 -0.00601130484451479
-0.00598121052446386 -0.0113417451201302 -0.00724172461001785
-0.0178985501478481 -0.0209893010886001 -0.0176565517751431
-0.0171102596850497 -0.0198149520863249 -0.0174530327529952
-0.0207500279562487 -0.0257379735823334 -0.0212277460139873
-0.0238951973418565 -0.0213621678492889 -0.0223721413874736
-0.0113900077131624 -0.0124550085050278 -0.0124348573454859
0.000136875362468906 -0.0033603721359544 0.0011042750914718
-0.0236132908254024 -0.0256604444710571 -0.0269439123957708
-0.0209539610324911 -0.0254305557201953 -0.0228419324871259
-0.0224944959409321 -0.0186528282993134 -0.0215672855058565
-0.0172056613961847 -0.0153823911027032 -0.0167573696689059
-0.0131170078363133 -0.0133363024810005 -0.0131231667756112
-0.0165277555992827 -0.0147546533287258 -0.0166838118283662
-0.00709115245827632 -0.00701859337875016 -0.00607358004166329
-0.00912150607278106 -0.010742778941884 -0.00966955842660789
-0.0285944570265757 -0.0257529826480753 -0.0277369917326218
-0.0111340431540194 -0.0136957036310154 -0.0108592075380823
-0.0151705582701065 -0.0154588692722317 -0.0156554644174278
-0.00416688063951287 -0.00436635694050957 -0.00524097561483271
-0.0205753381004304 -0.0162171479467971 -0.0196239114169884
-0.0133472619239451 -0.0152077609298834 -0.0124653508454702
-0.0330760555290483 -0.0323525576696391 -0.033020600357993
-0.0228481985124459 -0.0191076434268285 -0.0219216731913973
-0.0219917181282605 -0.0202976336798565 -0.021099837555629
-0.0174106294937076 -0.0162498135680481 -0.0182773817547668
-0.0189230142948983 -0.0164998407794886 -0.0207655303001028
-0.0178113426135615 -0.0145900647994508 -0.0171706427751942
-0.0199265945364328 -0.0229356521122374 -0.0193477137100245
-0.0103947373109256 -0.00822041917534898 -0.0112705414048608
-0.0171335136980756 -0.0182009370878474 -0.0170224675784545
-0.0244043754738582 -0.0230847872144863 -0.0258418757067677
-0.0153719142380114 -0.0159952041953341 -0.0154397342913112
-0.003986532146356 -0.00726984787695522 -0.00399820784159127
-0.025338667640335 -0.022890505175227 -0.0255321298476898
-0.0211169028203514 -0.0234941804162168 -0.0230197351194643
-0.0126628174490782 -0.0121778134366559 -0.0123078376879584
-0.0124611519286359 -0.0105820367449382 -0.0133717608839001
-0.0211167729962421 -0.0237383449634766 -0.0208732279737666
-0.0125975603604256 -0.0152901648746526 -0.0139820265312449
-0.0276999268635775 -0.0235197501194834 -0.0267128793888467
-0.0160511180184695 -0.0147711176233705 -0.0145439785559289
-0.0140125493912129 -0.015319979864721 -0.0135997003437695
-0.0210836739665425 -0.0193760385832565 -0.0210252839911919
-0.0169775317380873 -0.0218177573821501 -0.0164299520739665
-0.0157820358192197 -0.0173165364262021 -0.0163512706855159
-0.0123433784086392 -0.0118948584574619 -0.0123592724503522
-0.0184145700156874 -0.0120785427902184 -0.0176690303602209
-0.0103636441301547 -0.00657582706564565 -0.0107754203774733
-0.0235699434311787 -0.0272406047629377 -0.0237300133121685
-0.0109667188225698 -0.00791837658802566 -0.0103205475988325
-0.0106591699144271 -0.0109561405697563 -0.0107824640927069
-0.0104882011857877 -0.0129165121034036 -0.0101081141021848
-0.0119033937750764 -0.0156756490179095 -0.0120298966653522
-0.0127660663021439 -0.011598117037688 -0.0133003333175856
-0.0109564497873053 -0.0113282679046512 -0.00979021705821513
-0.0144308030090969 -0.0157298158049111 -0.0139538914562201
-0.0109263715953824 -0.0113949996280036 -0.0103613522822384
-0.0114501677689758 -0.011560219716439 -0.0113799535364438
-0.0131546005527043 -0.0142857552654649 -0.0126664457485067
-0.00796571893272914 -0.0107837417182825 -0.00794539441887842
-0.00846795572204223 -0.0107393442545736 -0.00827875139320442
-0.0118157426643108 -0.01076062321411 -0.0113759136186987
-0.0163205053102599 -0.0176160542071199 -0.0170210932700553
-0.0208962385319586 -0.0220884243787247 -0.0199581762169588
-0.0112290111253886 -0.012473928694584 -0.0117405199864519
-0.017828021989954 -0.0174024655468076 -0.0177742519186221
-0.00690880244802878 -0.00817927804134346 -0.00675726116581369
-0.0155207227514282 -0.0142535260865045 -0.0155239312874281
-0.00115282832364452 -0.00776227003959216 -0.00176879356333476
-0.0136653293781516 -0.0130901111628694 -0.0128381861749509
-0.00788319979019018 -0.0055234570479696 -0.00640679572619819
-0.0132683304148618 -0.0129055377781663 -0.0121478256712647
-0.0169463108438145 -0.01498980604306 -0.0171324264783368
-0.0204091906816569 -0.0186478443746519 -0.0187357002391207
-0.0229627576175413 -0.0237417557449149 -0.0232104872354998
-0.0154567579107152 -0.0179979176144569 -0.0153183668017312
-0.0176874965943499 -0.015516334510031 -0.018692341054493
-0.0157118835154682 -0.0148319995467078 -0.0155917421617594
-0.0222326476507741 -0.0192100320172184 -0.0213559621953445
-0.0121927662099913 -0.0124133883458527 -0.0118946126338927
-0.0190455706046915 -0.0216946076503137 -0.0198492162070149
-0.019826983187943 -0.022101800956092 -0.0202496336654004
-0.0176666666666666 -0.0157653097682801 -0.0173375449702683
-0.0137917626842074 -0.0145016802849695 -0.0145602767599315
-0.0214057087282792 -0.0214218529242257 -0.0212398571552746
-0.013667358759388 -0.0145817950798551 -0.0137181033145714
-0.0206186056509999 -0.0220580583181795 -0.0204962260662848
-0.0226615012737159 -0.0246860374916853 -0.0239404545716141
-0.0127463682488391 -0.0142612449213645 -0.0131186791537799
-0.00843825556077911 -0.00849986862550571 -0.00809651137622081
-0.0114996273895487 -0.0141025630517495 -0.0116975809109177
-0.0209455570814147 -0.0202304029920998 -0.0202333612516202
-0.00864699836481213 -0.0115350881201924 -0.00868497831153743
-0.0132733934566825 -0.014395416717208 -0.0131351072631755
-0.0136288380426607 -0.0132077092554625 -0.0132365023163667
-0.0161586958607306 -0.0126069396771013 -0.0155253388554756
-0.00958269919588886 -0.0121564761566504 -0.0100908711851055
-0.0254774796703287 -0.0257700903725463 -0.0262253807536595
-0.0114009272471925 -0.0125992756181256 -0.01186688702977
-0.0209646058718424 -0.0193298374459687 -0.0201325055288446
-0.00856497559469884 -0.0134600066107878 -0.00977931891552648
-0.00443750213446734 -0.00458097184599396 -0.00522568522297697
-0.00485038549622121 -0.00289891312440554 -0.00524590328667143
-0.0160446382125687 -0.0163857360287873 -0.0163124943276764
-0.0163136055267018 -0.0190717120636282 -0.0165192285721865
-0.01525758919711 -0.0122199982198921 -0.0151017694907783
-0.0038207558149002 -0.00423513968504276 -0.0042928250109881
-0.0163778381271147 -0.0157208548761646 -0.016685190637709
-0.0179875568400784 -0.0168033892672328 -0.0169214496004869
-0.0204777955102694 -0.0196668479415834 -0.0181734474175452
-0.019534933587825 -0.0163377629453527 -0.0198623359042563
-0.0118188060498055 -0.0108234188396298 -0.0136804419579935
-0.0264550453636016 -0.0268743080970318 -0.02793634784227
-0.015739799623256 -0.0182256998501211 -0.0166835382139687
-0.0116468006550918 -0.0167945332373145 -0.0113751614654732
-0.0147791979436862 -0.0188750465346157 -0.014179976397285
-0.0171447849439602 -0.0193711819215112 -0.0197437270348939
-0.011827192096083 -0.0112150832239125 -0.0120554650733536
-0.0147177779802491 -0.0166686144724582 -0.0152146816315707
-0.020570158252155 -0.02002513885989 -0.0212480386831036
-0.015601685729079 -0.0124638725351502 -0.0159609334638346
-0.0122560987926066 -0.0117988494178059 -0.0124331220483756
-0.00996752080710877 -0.00981674157220945 -0.00963843035258806
-0.012924368013045 -0.0151192740384848 -0.0124368362819508
-0.0183742015837666 -0.0164436894486311 -0.0171581995239967
-0.0246736973101571 -0.0199866648355212 -0.023579812876385
-0.0166385993044748 -0.0168391362187161 -0.0163438675460953
-0.0131167483010263 -0.0115836096159218 -0.0130062835983431
-0.0198805019232977 -0.0214761318716351 -0.0201394586766582
-0.0177761121735935 -0.0172072188381449 -0.0175636052693054
-0.0125543352095253 -0.0123237041010671 -0.0129549886015385
-0.0166692782468219 -0.0180219327693379 -0.0177539134378697
-0.00434892322304985 -0.00521813845018786 -0.00456705655912731
-0.0104948594131051 -0.013741065454658 -0.00962568643213817
-0.0187250360575137 -0.0180070040589267 -0.019933032436809
-0.0151331160662214 -0.0157414059158284 -0.0154698064918781
-0.021678372610008 -0.0252929774094266 -0.0223048427140191
-0.0118847127133492 -0.0126418037453992 -0.0123232865942432
-0.0218639351307432 -0.0213932329962673 -0.0227150584552524
-0.0180528490019463 -0.0183803787288332 -0.0172125566150593
-0.00859583804216986 -0.00875087334389878 -0.00843195737525809
-0.0179752796920814 -0.0157143535982529 -0.0170897092015643
-0.0210807276280896 -0.0228552502392053 -0.0189389211166359
-0.0102673311592553 -0.0126531703152894 -0.00943439335342626
-0.0187470542952883 -0.0187043178461611 -0.0188744073184591
-0.0114439217437947 -0.0107009544624015 -0.011199870075927
-0.023160969489019 -0.0187676395400196 -0.0221448145244591
-0.00920624628138242 -0.0108337364846658 -0.00926628724112958
-0.0154314371999386 -0.0178004850813354 -0.0155218612025926
-0.0157339139182421 -0.0150294068615659 -0.015468404241775
-0.00594918070442806 -0.00591989097650093 -0.00663681599383333
-0.0106990980170194 -0.0121540402436332 -0.0101788533706829
-0.014732233594839 -0.0168924325328019 -0.0148353896844535
-0.0247087307846808 -0.0244612414000007 -0.0242473867851939
-0.0143808663875012 -0.0131894935646482 -0.0130782938542335
-0.0178394317067029 -0.0204305650502071 -0.0185532292487477
-0.00902080959309592 -0.0107198756956975 -0.00911344083100493
-0.0125897425652495 -0.0110085229352298 -0.0124402012114123
-0.0259793451065855 -0.0234727918624571 -0.025709436653918
-0.00403793866249053 -0.00848473768776556 -0.00808793901931911
-0.00943091228250667 -0.0163529217284981 -0.0101238535122811
-0.00988441475969033 -0.00987746025681241 -0.0104012873112241
-0.00922711010861131 -0.00563453973553327 -0.00921283092015435
-0.00921385366682528 -0.0123922453044568 -0.0091762978570104
-0.00965506212182457 -0.00893291133439748 -0.00956428016407917
-0.0145004736252705 -0.0166041794651484 -0.0150979295237004
-0.0184075510101068 -0.0219076214019006 -0.0187785426137165
-0.0104539676837195 -0.0102219287424054 -0.00976715627358027
-0.016095245318975 -0.0161509823981079 -0.017233273697903
-0.0229326868260568 -0.0212135918677929 -0.0241957642982905
-0.0136570439549586 -0.0144011373223619 -0.0134495936637547
-0.00477757728892027 -0.00868405873722655 -0.00508876559259916
-0.0210631330375364 -0.0178137329370457 -0.0209193470869705
-0.0181165029564289 -0.0168821602790845 -0.0184863116582434
-0.0141687034742381 -0.0163403864584909 -0.0142790551340333
-0.026552554752911 -0.0245675040260199 -0.0271256131484535
-0.0142477520802071 -0.0162148246304813 -0.014534431531224
-0.0205132442611972 -0.0236100017633417 -0.0204887746064017
-0.0147992409309881 -0.0144937239981632 -0.0144589020735686
-0.0115998530483086 -0.0106562654334262 -0.0114234925436194
-0.0211538328281359 -0.0237914794337135 -0.0228534926427468
-0.0150109186743898 -0.0133757751649287 -0.0148388076308486
-0.0147626145378843 -0.0143319622198279 -0.0146066552227888
-0.00901041747700095 -0.00971487627977692 -0.00861116236897866
-0.0177130908966224 -0.016624364186629 -0.0171827552820978
-0.00677267965206075 -0.00815225905847148 -0.0065850253259238
-0.0115884243655123 -0.0104095222166696 -0.0119991428600576
-0.0182403853841788 -0.0192539266393556 -0.0182506890840378
-0.0174002748419023 -0.0196547683189415 -0.0179543829781881
-0.0147313805639094 -0.012336356400492 -0.0147493743139059
-0.0137817437547792 -0.0127188136344274 -0.0134501363831297
-0.0166827401743572 -0.0169708856233881 -0.0155532223264995
-0.0189992248561436 -0.0169295011503831 -0.0193394895607739
-0.00610970943630032 -0.0110184008368424 -0.00678739522483767
-0.00810737474967961 -0.00812844824768901 -0.00790423984691851
-0.00866666666666668 -0.0149754816007758 -0.00896165460069712
-0.01041685966982 -0.0118660026905902 -0.0100832804399942
-0.021162703727177 -0.0216514556224753 -0.0200310844722739
-0.0225254748957701 -0.0254561674904088 -0.0234860364928204
-0.0150762032947979 -0.0158551224017087 -0.0145193873551806
-0.00823945304076845 -0.0099878823466349 -0.00833142776229738
-0.0261278633646842 -0.0226643825025325 -0.0228186609080292
-0.0169730171778211 -0.0150228805488317 -0.017029300388115
-0.00880188648303595 -0.0103279173843546 -0.00896233597536749
-0.027224448658194 -0.0289758545880671 -0.0273766000133448
-0.0149614054960987 -0.0162564172513733 -0.0130830011227196
-0.0235748403754725 -0.0210078033901155 -0.0225390620200212
-0.0198780222106726 -0.0198791706704719 -0.0196376766317716
-0.0123193388679323 -0.0152759447927861 -0.0130284850617124
-0.00683294301088367 -0.00420494228561809 -0.00676274179981184
-0.011853556542288 -0.0153694497182672 -0.0123745994796001
-0.00052674988622803 -0.000202883931090723 0.000105497923896242
-0.00572786950693577 -0.00845934789172969 -0.00608681805950569
-0.0200600694409123 -0.0210055086784139 -0.0205892903713984
-0.0120829384151085 -0.0139625166552726 -0.0122582882482737
-0.0198545974163967 -0.0158447204613959 -0.0214065666508727
-0.0118964999664132 -0.0124442404876124 -0.0123126797246859
-0.0106151972776986 -0.010240608717429 -0.0107189455233132
-0.0146345648812822 -0.0157878020449772 -0.0154977960328494
-0.0179977970389553 -0.0205624219204604 -0.0174446165838538
-0.00974569926774428 -0.00806920428496054 -0.0100844532158759
-0.019938258660419 -0.0176639946213139 -0.0219759111990467
-0.0193019488147749 -0.020301824227982 -0.0204406250139244
-0.0135098155434697 -0.0141910600550316 -0.0130958340867592
-0.00768160157967497 -0.00873417197451063 -0.00948657184594815
-0.0238730138264612 -0.0237368848174163 -0.0248769455405322
-0.0267223019972855 -0.0253011178670833 -0.0237051697219039
-0.0119716773317333 -0.0129443983232612 -0.0118068923090782
-0.0207157520002996 -0.0220528183452005 -0.0205773859912242
-0.00999637590678809 -0.00763707432614754 -0.00903074570255504
-0.0121790213083862 -0.0093050072301686 -0.0116571043322053
-0.018115610533068 -0.0167828427893827 -0.0175983063280006
-0.0320667369340366 -0.0294094445308356 -0.0296772349213392
-0.00977337507092616 -0.0105953493370155 -0.00988550797551745
-0.0283135567661981 -0.0254284454601883 -0.0274583028773403
-0.0198076969756467 -0.0168540226221909 -0.0206714659463502
-0.010007807686592 -0.0104941310525599 -0.0108224024179145
-0.00850431868042389 -0.0142594148097026 -0.00802352587055776
-0.0164403535599815 -0.0144527976954846 -0.0150726532814746
-0.0108553111718637 -0.013876736234411 -0.0115730764606062
-0.00533408169690873 -0.0050363972341899 -0.00536853795648776
-0.0172270700086134 -0.0153565601920097 -0.0169845525459601
-0.0131710748603058 -0.0157542374508401 -0.0132130205438742
-0.00644805818586782 -0.00966886340922265 -0.00851016310125398
-0.0114464944806876 -0.0119703456833385 -0.0121112682377431
-0.0299893563206314 -0.0270703848773108 -0.030553755333333
-0.00780300712650856 -0.00744355514351825 -0.00702018781139247
-0.0130975560622457 -0.0139375318829849 -0.0125328374916633
-0.0187294918934723 -0.0148175807174132 -0.0179617422877522
-0.0182288249053261 -0.0198405297783585 -0.0179786209521456
-0.0146510968171075 -0.014833045483822 -0.0148297043886675
-0.0212472977749707 -0.0206667909600347 -0.0196343916033413
-0.0123179524872992 -0.00981465946591554 -0.0121324499945327
-0.0173466415817684 -0.0161816183846782 -0.0173563747353013
-0.00632705885562334 -0.00203273824889335 -0.00491296883194136
-0.00525116163687373 -0.00537894288402545 -0.0049640875871917
-0.0174530409765536 -0.0167133189475234 -0.0171941579581387
-0.021918323703231 -0.0273208675048329 -0.021458290964344
-0.00656099919231804 -0.00834662384407941 -0.0062881899633238
-0.0118886789036356 -0.00820324947530515 -0.0117427007811752
-0.0279080976491612 -0.0250882595991587 -0.0286140298426966
-0.0277102946800893 -0.0282610768545895 -0.0290635912377713
-0.015624231318467 -0.0142045140411287 -0.0150214506595838
-0.0210065756507602 -0.0263018213169028 -0.0221239019811489
-0.0117891661861656 -0.0115356079603677 -0.0124410893795505
-0.00805639491757813 -0.00992506595676142 -0.00818134981992218
-0.0114579830509951 -0.0120239377047287 -0.00993382089424975
-0.0204823195072744 -0.0186082693841495 -0.0204941423721051
-0.0187941958482224 -0.0205486827842329 -0.0195603716368431
-0.0193372566729564 -0.0209284769408161 -0.0196118422111733
-0.00949224222464445 -0.0110395287636626 -0.00976897013124826
-0.0146360836882981 -0.0132298806240767 -0.0144336507587714
-0.0231984922330092 -0.0240297621148318 -0.0225902000571538
-0.0119905276849242 -0.0117625233094491 -0.0123562549155234
-0.0206644372876099 -0.0215768100358087 -0.0213514483863767
-0.0218199049544996 -0.0212189331977676 -0.0224975689870474
-0.00603735046449798 -0.0111215729087801 -0.00662935579846604
-0.0140105888803661 -0.0125195630798008 -0.0139405187313556
-0.0172245997907236 -0.0185222641414135 -0.0166648212712327
-0.00506923765119577 -0.00744990420581521 -0.00254172318880239
-0.0178568598977025 -0.0163558185906711 -0.0179603603967092
-0.0194865613676866 -0.0211677740523807 -0.0213277246868191
-0.0169726341007279 -0.0158186524925348 -0.0162985377573433
-0.0188092410139193 -0.0228694688830979 -0.0176807258087091
-0.0185529041287727 -0.0163088883109224 -0.0191375819421706
-0.0122632725543091 -0.013513493476601 -0.0138124122011311
-0.0179661333578683 -0.0145552382398165 -0.0168130824338306
-0.0103252870466466 -0.0137754728239213 -0.0105644340800645
-0.0142328683799543 -0.0137998440595122 -0.0134295737408788
-0.0175144494530562 -0.0145702160202704 -0.0158378850559881
-0.00888887062555287 -0.00834945295796305 -0.00839437506317386
-0.00923654923667143 -0.0102238407081873 -0.0104119668825909
-0.0157268442178437 -0.0157625498139985 -0.0142740334201443
-0.0276765232516211 -0.0261909073078592 -0.0269241491214497
-0.0134419326146638 -0.0123108007252469 -0.0116508423901894
-0.0137776896180862 -0.0139033892358156 -0.0147481176749173
-0.0164285346739393 -0.0176618038020423 -0.0166327671568123
-0.0193203492535676 -0.0162072985402983 -0.0178141797918051
-0.00967977885874581 -0.0116957607615234 -0.00923827341183683
-0.011571531251037 -0.00995709934124477 -0.0109308927141912
-0.0177614136820034 -0.0191778945083053 -0.0181602630967211
-0.00351867003041878 -0.0074480339224052 -0.00332897881264644
-0.0184286699992661 -0.0155847252343566 -0.0187940523971763
-0.0232967352869045 -0.0190462136651281 -0.0235974274995465
-0.0229508517716644 -0.0207051307310979 -0.0244938474108121
-0.0231784642272733 -0.0217337312717782 -0.0230457268681256
-0.0212260555136616 -0.0243782727740889 -0.0203429926076262
-0.0145326366336584 -0.0135743814841609 -0.014342223650883
-0.0106164428078816 -0.014402205242464 -0.0102582828549363
-0.0092688027884763 -0.0099381912396383 -0.00959186839282599
-0.0153870765347635 -0.0126305876155808 -0.0156173728546898
-0.014137385121957 -0.0169336720309669 -0.0141402625284662
-0.00353419002777524 -0.00963098236660422 -0.00507528872752768
-0.00882511936048855 -0.0119739756930765 -0.00934766877739322
-0.0129648150649918 -0.013315329417862 -0.0128906715885122
-0.0100044207609142 -0.0120959127521466 -0.00997880710572017
-0.00747315775654039 -0.0108066767171961 -0.00808674259813232
-0.0180513796844635 -0.0212202878743049 -0.0180673526586827
-0.0126274869250719 -0.0144005292379939 -0.0137868445225609
-0.0171284019560258 -0.0173831406584234 -0.0156953662185662
-0.0196964789454636 -0.0176181280804981 -0.0190750402345792
-0.00439167931256127 -0.0034961088416222 -0.00364292409967298
-0.0129997584830316 -0.014353679144865 -0.0125341318035604
0.00240354397315145 0.000205356883273881 0.00176488142204227
-0.000175591610031483 0.000676283026697271 -0.000306698496359468
-0.00206271262457903 -0.00479193237195032 -0.00201076579557806
-0.0154842218794215 -0.0180311074233048 -0.0162875685156258
-0.0146197139562902 -0.0150757960333323 -0.0149905155014772
-0.0226044528256187 -0.0239788415187639 -0.0193689666825999
-0.0184141999387528 -0.020268454746344 -0.0186021446204631
-0.0172220408787662 -0.016822355278356 -0.0173061746948029
-0.0135343075126808 -0.0148611192195542 -0.0142636157083857
-0.0168284259891902 -0.0179928676345683 -0.0163482620260029
-0.0107705233666001 -0.00868517199006414 -0.010507115294059
-0.00860413560198926 -0.00867884015019502 -0.00943525902459338
-0.0122024056797061 -0.017544469006145 -0.0116202468344289
-0.0181457622029428 -0.0198317899008511 -0.0190282307934117
-0.0245 -0.0288178064650651 -0.0257550079387783
-0.0211534653659368 -0.017458240637895 -0.0207220497706911
-0.00723208959773778 -0.00924668627647436 -0.00764308510323268
-0.0126625142111708 -0.0146016425147604 -0.0129125608184139
-0.0166745362764785 -0.015755888955691 -0.0170931714839989
-0.0233598974297705 -0.0219943014294448 -0.0222916117224742
-0.00917679800525654 -0.0111593899131965 -0.00944967162297423
-0.014086300300855 -0.0144349568987674 -0.0133239525151338
-0.0143893736792511 -0.0142124239913334 -0.0142299979127722
-0.0151189516831819 -0.0158149604080722 -0.0141521257716197
-0.00846967022134575 -0.00954615251374477 -0.00793303101651504
-0.026211390473206 -0.0217741293420045 -0.0256624523581548
-0.0126687212233889 -0.0170113133862377 -0.0129302238331864
-0.0160023328434133 -0.0194762756277966 -0.0160529612157764
-0.0202684147341424 -0.0174583317197859 -0.0200231874096588
-0.0150855443584609 -0.0131065433595211 -0.0152621655699404
-0.0120288906018081 -0.013756985521797 -0.0120112115836952
-0.0159977648513191 -0.013520484897716 -0.0156634025311946
-0.0206022598840017 -0.0227977445981694 -0.0193320867594514
-0.0153454291873201 -0.0178245734133827 -0.0156882933457864
-0.00869598263263715 -0.00931253200436727 -0.00852853083418941
-0.0207054415211571 -0.0210450885178756 -0.0194142564657904
-0.0250714037439381 -0.021741182883144 -0.024775586288895
-0.0255120448251348 -0.0233927191596395 -0.023562212989609
-0.000501954349316685 -0.00125909239917256 -0.000317810803068846
-0.00855912564664583 -0.00902444192138872 -0.00870324706433533
-0.0181716007421258 -0.0194901695309738 -0.019585961068819
-0.0235169212851131 -0.0223753673723022 -0.0221320802692956
-0.0225340476436429 -0.0209446740402046 -0.0230380757169993
-0.0242638603477369 -0.0236540671758735 -0.0255726313350018
-0.0203907088840398 -0.0209297994649441 -0.0195719922115656
-0.0261820814351377 -0.0247139756036508 -0.0256040917192242
-0.0115540460500077 -0.0132176533077189 -0.0108128078200237
-0.0242695064464885 -0.0217812815945 -0.0247948263047265
-0.0242123394364203 -0.0231675128819455 -0.0247551474595447
-0.0156084923699951 -0.0155840101614986 -0.0154737858978215
-0.0102841002348412 -0.0119679473981511 -0.0111826449054247
-0.0206688401336733 -0.0220343247618126 -0.0205304643451697
-0.0251216594673448 -0.0206595759706799 -0.0253989626583703
-0.0174475341940658 -0.0174875944069442 -0.0187022996182566
-0.0133083842990819 -0.0187898431493508 -0.0135675265826088
-0.00883623989030319 -0.00892494353881512 -0.00923265357469197
-0.021450390146721 -0.0164320354633472 -0.0223088601589976
-0.0163687013905631 -0.0183570383947329 -0.0162262560600824
-0.0159885611137027 -0.0144152419741043 -0.0151040502626538
-0.00403989440127791 -0.00627136965420216 -0.00437340453096247
-0.0148860890707919 -0.0182809640216474 -0.0154889848590789
-0.0218197251174545 -0.0183579492498636 -0.0208236336221653
-0.00744896923499245 -0.00868046273217522 -0.008834031079798
-0.00878331501184478 -0.0111246076597736 -0.00985977140411582
-0.0142186550790287 -0.0130430236940392 -0.0141749665874822
-0.00990847710659958 -0.00693058211204738 -0.010903953922815
-0.0189420140924639 -0.0191813885370693 -0.0179918126376167
-0.0140619184325569 -0.0143886160645213 -0.01358534375427
-0.0124951402717756 -0.0124952375668787 -0.0116897524585808
-0.0127802336441178 -0.0162918190588787 -0.0122898776423407
-0.011444445664417 -0.0121809773394379 -0.0113967565328544
-0.011599851705651 -0.0126128196153286 -0.0113791199001353
-0.00973516684648719 -0.0102911911376373 -0.00931822845419939
-0.0278851425950811 -0.0270843146924969 -0.0271729934301142
-0.0195888359840259 -0.0202256149571531 -0.0202115766985742
-0.00908407823684402 -0.0118973874305326 -0.00883261677585219
-0.0159533247076411 -0.0182688618505919 -0.0157459201811277
-0.0223292586924772 -0.0247114740485072 -0.0242105956093858
-0.0171098289094643 -0.0184572019773495 -0.0169566932601886
-0.0134565009329243 -0.0152820469162282 -0.0128419000909516
-0.0159145035444013 -0.0166119619165867 -0.0163975907378975
-0.0169298651552051 -0.0188263245627113 -0.0173246346557666
-0.00390285162065173 -0.00499174590683884 -0.00391271692465084
-0.00963118672327512 -0.0119318929713989 -0.00922514863860093
-0.0146769876799418 -0.0130212282809521 -0.0133708647260905
-0.0146899965867635 -0.0180595828996213 -0.0148891010790662
-0.0201549804128358 -0.019311404569708 -0.0207691225595289
-0.0201266160623816 -0.0164320924201404 -0.0185026500336429
-0.0119029929713367 -0.0113830460233145 -0.011731334345233
-0.00893573470803912 -0.00963044570425428 -0.00902683856294549
-0.0244059243206481 -0.0207533920550191 -0.023578735224444
-0.014665699538158 -0.0150548877843948 -0.0142583463188579
-0.0128227176314063 -0.0108167896644093 -0.0130426993482873
-0.00894974519477828 -0.00949906295572529 -0.00869939025978329
-0.00819869066168046 -0.0114763161112211 -0.00782689096827622
-0.0150430549033105 -0.0158352833697596 -0.0168959452514561
-0.0176309311204815 -0.0166769034966252 -0.017380989499554
-0.000481019929038912 -0.00371827134095948 -0.000701614317252826
-0.0204400986337368 -0.0209661947932351 -0.0202714660163025
-0.0186054175154577 -0.0194379141837453 -0.0202061232809571
-0.017626435872761 -0.0193006986735182 -0.0174009364611093
-0.00995338463955494 -0.0101630626497105 -0.00878309985002518
-0.016093299305936 -0.0164986353848031 -0.0142802331391618
-0.00703120822062613 -0.00583796605765158 -0.00663183516489257
-0.0175049559323544 -0.0147795125077117 -0.0168701618166065
-0.00259697661743185 0.00107286832050217 -0.00216818403812617
-0.0194794565193958 -0.0202337676795892 -0.0215707836571698
-0.0258500000337659 -0.0271324262523602 -0.0253859929550341
-0.00738119191358433 -0.00663902576778437 -0.00785206319154795
-0.0177252528609888 -0.0195705402977234 -0.0182575520386558
-0.0183274517725141 -0.0174385303544476 -0.0183444675535135
-0.0142037157387152 -0.0183003567676046 -0.0151101532892977
-0.0245992432538426 -0.0205946007431831 -0.0244791088847201
-0.0082757021235213 -0.0106531728635402 -0.00731852416588678
-0.0102626730146746 -0.0116974382596183 -0.00985524832311433
-0.00833018058627392 -0.0151756705216442 -0.00853138725827995
-0.0191257793887968 -0.021717562724884 -0.0183656534771813
-0.00229681507242157 -0.00311781160690145 -0.00270209147585746
-0.0173604462779089 -0.0166691619000676 -0.0168298062931238
-0.028346928854632 -0.0279740900273716 -0.0283097561765849
-0.0208414786137202 -0.0180373332646217 -0.019847058051834
-0.0164924720797013 -0.0184748271557902 -0.0161924756854608
-0.0205441200848416 -0.0193178240417747 -0.0193789566877206
-0.00329527163190106 -0.00492434110565 -0.002532340685647
-0.0136096787982858 -0.0182795734527768 -0.0156614958390665
-0.0146967690291272 -0.0133188839536328 -0.0137897589686944
-0.014217971722762 -0.0165922532607806 -0.0141739554094365
-0.0065141869351571 -0.00812127505002276 -0.00607227049030758
-0.0126095085101589 -0.0130853632172988 -0.0125195345948736
-0.00641552363049579 -0.0122810063765315 -0.0045441243134857
-0.0138259433041185 -0.0129489781154676 -0.0130118874455833
-0.0168209454550442 -0.0185835817675686 -0.0163370771879022
-0.0185668771203253 -0.0134924364844281 -0.0180936595554113
-0.0180122127189107 -0.019357568794006 -0.0178948821621248
-0.0153097808277888 -0.0168743071743823 -0.0192496872387371
-0.0133170683216205 -0.0149283495505253 -0.0139508340646902
-0.0183483562028283 -0.0185019517270387 -0.0183611992976277
-0.016903171919051 -0.0175085159825404 -0.0154910065601877
-0.0206865373792309 -0.0231953181428534 -0.0209600981179793
-0.00846131592132252 -0.00749263090990333 -0.00698171567742956
-0.0178628303914972 -0.020457561892251 -0.0175046886875659
-0.0173305867084147 -0.0181739700512699 -0.0167266038326219
-0.0211797335177316 -0.0211195490182112 -0.0199984131054154
-0.0073736307281342 -0.00843718394781953 -0.00703585045043642
-0.0263851144349912 -0.0280978100591852 -0.0263437263551659
-0.0100590829183408 -0.0103328933250987 -0.00970428447438703
-0.0117503250443141 -0.0119698861991763 -0.011733503614024
-0.018046156819668 -0.0198410916857713 -0.0178224486395443
-0.0137052494901938 -0.0122358664494959 -0.0120424553358644
-0.0175979421242063 -0.0191657297962333 -0.0172621840254966
-0.0182016784482457 -0.0195527186234792 -0.018162691635453
-0.015750185397316 -0.0149208575615415 -0.0154500958360563
-0.0183465516820233 -0.0188299871609138 -0.0177696064308872
-0.013167226225667 -0.0113121931138988 -0.0128463218784256
-0.0191376877433503 -0.0238394602961617 -0.0212412291347714
-0.0141425314380299 -0.0157849870547465 -0.0140290572527197
-0.00746893876533896 -0.0084506703942304 -0.00830489188756359
-0.0169745359402923 -0.0209665923037813 -0.0175990970300374
-0.0124435382367067 -0.0110907345147573 -0.0118952180048895
-0.0197798366633134 -0.0188446899275555 -0.0196175472151162
-0.0132234178891927 -0.0129082188264039 -0.0130867994561928
-0.0096154149018442 -0.00944755677209362 -0.00890858795210588
-0.00178798630010874 -0.00417865900938597 -0.00227782695349089
-0.0177765022428716 -0.0175821518550524 -0.0177831545974769
-0.0240591953650279 -0.0241513662215205 -0.0214484757346262
-0.0162364587274094 -0.018258064238809 -0.0158956208473344
-0.0139883228330647 -0.0201519465168867 -0.015051413506942
-0.0139729405000595 -0.0149285203080046 -0.0152122658035797
-0.0257116130756418 -0.0228085920935277 -0.0241662971352447
-0.0200193778937721 -0.0209969738494643 -0.0200116368332169
-0.0125193361501721 -0.0149595512025179 -0.0120045660556716
-0.000853639583584645 -0.00694033839919072 -0.0010329932089645
-0.0119100559141483 -0.0116344649470182 -0.0117927117614401
-0.0100088996620008 -0.00893603220548187 -0.0110235822483287
-0.0217109951956347 -0.0158927595566114 -0.022685380806017
-0.0108620525553788 -0.01368235897707 -0.0108578002281765
-0.0103693268582836 -0.0105460375425645 -0.00968000133679573
-0.0167802451659678 -0.014683220132166 -0.0180327778450181
-0.0238067349299515 -0.0237095623571963 -0.0248685230133099
-0.00877573812406951 -0.00944089770449138 -0.00860435548507011
-0.014415768474206 -0.0171617720265387 -0.015414643013011
-0.0172603816348364 -0.0176718352239559 -0.0173732605965013
-0.0176312783919422 -0.0194589701799145 -0.0179878748564861
-0.0188844333380008 -0.0174958920372273 -0.018701094072275
-0.0161645770027525 -0.0185464450547372 -0.0173680115733475
-0.0064597999316272 -0.00610181445862021 -0.00685377900914939
-0.012953462266154 -0.0149665234360373 -0.0129080798257496
-0.0225668443025022 -0.02083762623899 -0.0221737521173601
-0.00564410331607305 -0.0046308489911992 -0.00586103299529704
-0.0088026154585542 -0.0106925505147514 -0.00979707697457994
-0.0187186590063719 -0.0190608418830747 -0.0193565887707392
-0.0175963554048663 -0.0176229376725074 -0.0177341732358592
-0.0143367421830586 -0.0153300515861546 -0.0146712114080507
-0.0193968014104551 -0.0172867128577391 -0.0195107215939591
-0.00678105389854973 -0.0114948870611599 -0.00784100675966386
-0.00747461742590273 -0.00766027977452281 -0.00629311329999602
-0.0156741766391364 -0.0152501244617086 -0.0159897470987203
-0.00770407842410936 -0.00544938756741826 -0.0073292318343526
-0.0122222750367102 -0.0178506048996069 -0.012507348237192
-0.0266984854042226 -0.0259605517067692 -0.0258476462395154
-0.0150474419549455 -0.0150232521396987 -0.0146712056710442
-0.0144904403200415 -0.0128660440169085 -0.0152977171099192
-0.0220112378725419 -0.0169457445286746 -0.0212216297886487
-0.0105685689347573 -0.0119927532244268 -0.010541936188182
-0.0161238495588603 -0.0191663566074148 -0.0183610252986283
-0.0227504491795194 -0.0269335827816855 -0.0250722310377973
-0.0199407028026339 -0.01743919353936 -0.0195719658189153
-0.010961556154242 -0.0146721916066735 -0.0122958974443701
-0.0198370978002562 -0.0178958229933406 -0.0193582950991269
-0.0103028325154174 -0.0116180008926462 -0.0106808306725692
-0.0180458345769576 -0.0169021504527065 -0.0187417663737877
-0.0227148236775457 -0.0229190663402538 -0.022947786698198
-0.00159537106834181 -0.0014393950380777 -0.00253561488774326
-0.0134795161975155 -0.0152353969795775 -0.01441923460125
-0.0268697359067048 -0.0258188220106015 -0.0271149868559476
-0.0156577046066023 -0.0192711086195725 -0.016129015331377
-0.0174806767773818 -0.0187711592808402 -0.0188176681358753
-0.013983018950486 -0.0158876659249112 -0.0145887066726686
-0.0134589478553376 -0.0157287646974326 -0.0139831230193135
-0.00908907318025199 -0.0085865595258337 -0.00930728208722261
-0.0172383503048174 -0.0141045461937666 -0.0167603496495003
-0.0103356203045377 -0.0106174617940616 -0.0110772044153974
-0.0145 -0.0133536046648155 -0.0146849164583509
-0.020537533899166 -0.0187760937891256 -0.0209704232277645
-0.025404437573629 -0.0211913959726489 -0.0255937531171236
0.0004679026727741 0.00194300400390278 0.000415794561751007
0.00358923580376989 0.00157336771467014 0.00447341020980575
-0.0122229441703766 -0.013903564489239 -0.0116971775158171
-0.0110032046937641 -0.0104606378910696 -0.0107015805171428
-0.0113757692662537 -0.0112408821278947 -0.0114275950255487
-0.0143996395650653 -0.0158014293798324 -0.0137754707694809
-0.00220364221901894 -0.00389159114838273 -0.00235504976513359
-0.0145098843811717 -0.0164811050750362 -0.0149899830084903
-0.0142372586099861 -0.0143850958540109 -0.0156292898032439
-0.0198880598033986 -0.0205150800494019 -0.0181701216134536
-0.00757519636666955 -0.00759367739317491 -0.00840167695580306
-0.0203782653038442 -0.0221982036391425 -0.0210167292259003
-0.0125084722925644 -0.0111162861109322 -0.0128026060116408
-0.00559447561494603 -0.00801193515246599 -0.00561112642316059
-0.0149046265194324 -0.0173322467183552 -0.0155016441747432
-0.011863372092471 -0.0109952610946432 -0.0122255906927041
-0.015682945660451 -0.0189318129506629 -0.0161134097448761
-0.0133371629871507 -0.0114708495664233 -0.0131089373832405
-0.0131028699535959 -0.0113020421170051 -0.0129043747478884
-0.00850387733213209 -0.00755492308516372 -0.00853345079288982
-0.00410297910671769 -0.00529153352811404 -0.00398244136931854
-0.0136652380707106 -0.0131976687786877 -0.0138078181380048
-0.012 -0.011782784042853 -0.0116235835556761
-0.0108813065533318 -0.0123581191871976 -0.0101736147454887
-0.0101484770118295 -0.0135594032330854 -0.00979083127563484
-0.0132320821884931 -0.014828259540041 -0.0137589072174668
-0.0176745715058952 -0.0185645841459257 -0.0179550087015719
-0.0139438968078524 -0.0167605464622566 -0.0141788562424186
-0.0250743901153091 -0.0213970376557993 -0.0242406693531503
-0.0137857997786351 -0.0143047201411694 -0.0133216489176939
-0.0266517451970287 -0.0261764048788954 -0.0274337884302592
-0.0240167542108037 -0.024459725764516 -0.0241555322071804
-0.0162171131550965 -0.0107322472972684 -0.0167300657521901
-0.0207327508331596 -0.0229675531368806 -0.0211564665726031
-0.0132246956111801 -0.0166186619043232 -0.0135338314599439
-0.00900712797815889 -0.00910897387212899 -0.00818196992054029
-0.0123067684867996 -0.0137133495384858 -0.0117302874308723
-0.00781394634799078 -0.00650383904865454 -0.00912832166792762
-0.00722455853538934 -0.00778445794444508 -0.00662351908818184
-0.0183333333333333 -0.0248285929881829 -0.0180965975566057
-0.0284596345213213 -0.027549208852397 -0.0302702226309052
-0.0205753083607686 -0.0200116407573088 -0.020084636923039
-0.017605616910158 -0.0151655619097477 -0.0173993968685871
-0.0151281948631494 -0.0127297337466039 -0.015570326233208
-0.0226260941761009 -0.0216403611204431 -0.0202755319801452
-0.016271191918453 -0.0179979391045093 -0.0163438320442726
-0.0152202745307886 -0.0170874377824652 -0.0140862432629509
-0.026820999286546 -0.023254659429641 -0.0260646598913697
-0.0202053378922783 -0.0228190813284914 -0.0195710529291265
-0.0138053559117615 -0.0105966707117986 -0.013707245279347
-0.0216857973186219 -0.0225339938574644 -0.022422051210221
-0.0104699714476477 -0.0112971904160632 -0.0116189351557363
-0.0210717632309129 -0.0188000631656474 -0.0205818640559917
-0.0188704253786713 -0.0206234603950325 -0.0192687757195706
-0.000609834138323942 -0.00096953763496607 -0.00156828631734356
-0.0216973957015228 -0.0215996242461548 -0.023240290708281
-0.0177361377563521 -0.017134953107068 -0.0182146068833694
-0.0122502955192806 -0.0121686649276369 -0.0124136479003445
-0.0167142875695572 -0.0164258851878921 -0.0151656447544747
-0.0140486298412365 -0.0158347703923395 -0.0142634504231238
-0.013860601402248 -0.0127683321572186 -0.0167408746575463
-0.0202022270388483 -0.0168992228386841 -0.0227331084705085
-0.0302022934659134 -0.0306200832716102 -0.0294868589742317
-0.0142610593335859 -0.0141015565980104 -0.0136322767933413
-0.0145122741611849 -0.0159764227245708 -0.0144560241545391
-0.00364904015098188 -0.005182686230026 -0.00387235056047144
-0.0076541990410457 -0.00783766179826334 -0.00750754840958564
-0.0179347895031541 -0.0203518934428123 -0.0174614951094264
-0.0245918597379844 -0.0211916946142907 -0.0246070156316835
-0.00967710320279513 -0.00779453968740352 -0.00868589328740313
-0.0214522153567112 -0.0223075276379249 -0.0221721868009103
-0.0129613307864398 -0.0136831592193389 -0.013493177988895
-0.00858319873722712 -0.0089306432077588 -0.0086478088661001
-0.0162482614565681 -0.016112355522798 -0.017025359638283
-0.0159709664292207 -0.0145693657474949 -0.0148422549801835
-0.0244771980594176 -0.0193304528189938 -0.0238774945324518
0.00078464599144636 -0.000249362582307645 -4.80205488317537e-05
-0.0207789612317043 -0.0231559818720628 -0.0221574739395661
-0.0230045038531223 -0.0240357681892093 -0.0229437264353413
-0.01660140225271 -0.0225529841308761 -0.0177062469450191
-0.00975499848267011 -0.0103157732513387 -0.00902905768616695
-0.0222678828889718 -0.0259704758780388 -0.0235893465791649
-0.0260247299727233 -0.0253418103281201 -0.0273592400785577
-0.0183816653648473 -0.0170776874413474 -0.0186938241554519
-0.00937200462278365 -0.00824215855339631 -0.00929543192899998
-0.0161750866073452 -0.0219272438221653 -0.016945772767868
-0.0178981551000474 -0.0179393196300038 -0.016681928291458
-0.00500968165945323 -0.00712436670302847 -0.00472332150555412
-0.00416191776932535 -0.00679274939823728 -0.00410718664703229
-0.00945600462072664 -0.0134716103567897 -0.00792808828824291
-0.00988605824669347 -0.0140299439842556 -0.0105931333558475
-0.0142930985921103 -0.0147512152788741 -0.0135425630475232
-0.00858569768816888 -0.0088726239355217 -0.0101677668586617
-0.0169561943769897 -0.0188474868544101 -0.0177910838335331
-0.0103560697639634 -0.0108160202366792 -0.0104687959901293
-0.0108319571962618 -0.0103115212442033 -0.0111635201626885
-0.0239641285557714 -0.0252806217872937 -0.0235446290437222
-0.0207559823673314 -0.0208033516216667 -0.0237976644028382
-0.0154543335118133 -0.0187903950740967 -0.0161512226229314
-0.00586933011159554 -0.0064051037487169 -0.00527322889344196
-0.00684544318257701 -0.00850320643842403 -0.00729096045713353
-0.00673939340033611 -0.00902640327681058 -0.00581660321272587
-0.011335673979812 -0.00814637006966751 -0.0105055126237218
-0.019951208676798 -0.0173017961152949 -0.0205715215737268
-0.0242498120758901 -0.0206151712858554 -0.0252782268503302
-0.0168120707934158 -0.0190474666733831 -0.0168062789937658
-0.0102998283698855 -0.0121599163731881 -0.0107594525048463
-0.0126297069293837 -0.0137975575035264 -0.0120455664612687
-0.0246801173531902 -0.0230719632652476 -0.0249141839791808
-0.0193333333333333 -0.0208986814875527 -0.0190795116186259
-0.0254607629069201 -0.0215829621790913 -0.0243184283386869
-0.0248547827298322 -0.0213910987421523 -0.0249831944568864
-0.0166721574846667 -0.0180466594106227 -0.0152728214077966
-0.0138465917287456 -0.0150130724564421 -0.013358306431831
-0.00829443120395643 -0.0141933670775918 -0.0101409337508189
-0.00972213565295291 -0.0125876479961655 -0.00890842009815899
-0.0157451105566276 -0.0136660305664936 -0.0163214852729071
-0.0161327543709934 -0.0163668366614407 -0.0154434244644374
-0.0260584128992969 -0.0279506485790829 -0.025397912432793
-0.0288316404805442 -0.0269651363394695 -0.0289271373078281
-0.00373363580830565 -0.00491375702317512 -0.0038782404308284
-0.0107870800640778 -0.0149076944932074 -0.012161791702899
-0.0166559380281929 -0.0157860823142764 -0.0166745037689899
-0.0208172156693054 -0.018633142415836 -0.0208356809061681
-0.00844502936663218 -0.00585250355247182 -0.0085538485511974
-0.0200600459977763 -0.020705824071834 -0.0199802442388125
-0.0169063588689453 -0.0183198792611717 -0.0177012436916617
-0.0151325219185153 -0.0148618483741171 -0.0156414551637603
-0.0225396568610097 -0.0222322353937601 -0.0225097718592281
-0.0154009679296286 -0.0147782441755393 -0.0155056684559007
-0.00273276818370643 -0.00446958176245143 -0.00268554067062532
-0.0252220110546319 -0.0283285364904153 -0.0261016037617064
-0.00328379980833433 -0.00660723241073444 -0.00267173960604631
-0.0234735046732294 -0.0221635501046143 -0.0241377733822735
-0.0126571336422195 -0.0188983428368894 -0.0122916197462423
-0.0159694889576972 -0.0137573383297884 -0.0141754475488836
-0.0251075504919817 -0.0262132757428585 -0.0243042785075527
-0.021123906890075 -0.0226172078727602 -0.021224882690217
-0.0119907254168724 -0.0152560933549014 -0.0119625548574737
-0.0251666666666667 -0.0230159429862734 -0.024874808827952
-0.0112755978623724 -0.0126702885813709 -0.0121783360201761
-0.0188348569143329 -0.0208305791324451 -0.0194317585825134
-0.0139066813568559 -0.0155846825623132 -0.013716929831348
-0.0106466133154537 -0.011076611940967 -0.0108939385973092
-0.00445573678252574 -0.00406016993224035 -0.00312033126753347
-0.0142478651911692 -0.0165568757569629 -0.0130056364932912
-0.0202504937400678 -0.0199896077092314 -0.018931175978895
-0.000969060769447892 9.13981410918662e-05 -0.000740979867767982
-0.0183811687529139 -0.0183139482506908 -0.0184558904389374
-0.0148890389576418 -0.0151661173282483 -0.0151893925342505
-0.00779093018015625 -0.00585915865167362 -0.00770156406624314
-0.00696699470825172 -0.00601080241826263 -0.00667509683914827
-0.017091204628878 -0.0153114455661369 -0.0167806040758892
-0.0145789495653039 -0.0148765837965711 -0.0148837293252094
-0.0122992338598028 -0.0140920311069566 -0.0114273804035061
-0.0161058358471275 -0.0153632268542512 -0.017159070016083
-0.0219396117857013 -0.0247759837502612 -0.0232340604015791
-0.0155505358682273 -0.0139619973384771 -0.0164536826443661
-0.016479111288482 -0.0165321068471662 -0.0162365989083128
-0.0185717269068866 -0.0196765467785054 -0.0192987779720589
-0.0184087901347363 -0.0205485139725134 -0.0179069230390138
-0.0211042641682471 -0.0188442347915365 -0.0204857568326107
-0.0223225015060395 -0.0209857850131916 -0.0252347227472085
-0.00557604061225716 -0.00919975327223753 -0.00651624025455291
-0.0159715876689356 -0.0136563411213265 -0.0196973660820361
-0.0214867728669022 -0.0204830633091067 -0.0215934837733318
-0.00960011849742526 -0.00973055762921003 -0.00966573215684529
-0.0191512136019505 -0.0136986483566215 -0.0194008145868221
-0.0163669326634567 -0.0167536085821426 -0.0163390319174665
-0.00846072381537152 -0.0123327239878543 -0.00828229177584378
-0.0136120767352657 -0.014542630631725 -0.0130426410858337
-0.0125470148741343 -0.0186600979093661 -0.0128307268974214
-0.0158907986532836 -0.0160755833311454 -0.0161668883430174
-0.021520350229471 -0.0184905688071008 -0.0199680620179964
-0.0188677736692587 -0.0216805188796372 -0.0185895225805536
-0.0161734647859433 -0.0144952451436003 -0.0161798939153951
-0.0171128583669899 -0.0143690961758272 -0.0164000990952348
-0.0137993523786147 -0.0140196082409485 -0.0148603453294283
-0.0200596564188954 -0.0229957217232955 -0.0206053330593842
-0.0152108794731642 -0.0165031120931667 -0.0161637184233553
-0.0149248735641754 -0.0120756940812187 -0.0148989784184654
-0.0327231443529134 -0.0336540947785462 -0.0338418336539137
-0.0128982795209599 -0.0121758706720464 -0.0116440203888934
-0.0149161074444229 -0.0181348382260511 -0.0160673513541584
-0.0257574556045219 -0.0242351568025105 -0.0244440143941353
-0.00838905957306063 -0.0110020397750547 -0.00808973330575544
-0.00784225870875995 -0.0109113717836891 -0.00781191017099165
-0.0208819683693675 -0.0225313118599734 -0.0225609254534401
-0.01537762136662 -0.0172801695137227 -0.0155520901388374
-0.0154134463931846 -0.0152362201825804 -0.0158134928282136
-0.0185527745211465 -0.0201856421403846 -0.0193618375482794
-0.0191344825043928 -0.0189058295245636 -0.0202639163190443
-0.0174965619491105 -0.0180452675468508 -0.0175976059664251
-0.0165674054400731 -0.0196140707646044 -0.0161373299031638
-0.0158729883775769 -0.0162919429815338 -0.0154576086395308
-0.0236818261526207 -0.0255920893234023 -0.0244269599493043
-0.00472179626704732 -0.00664119302161951 -0.0046504225443998
-0.0252888046866677 -0.0196915128566054 -0.0248174966410973
