LMM GLMM GEE
-0.0227550980523425 -0.61836864548105 -0.584428602879196
-0.0219503685687562 -0.60235137711895 -0.626586721729247
-0.0242724176121574 -0.753367400618096 -0.799052207249285
-0.0127620235526583 -0.416259847840717 -0.400670165615508
-0.0283942953819302 -0.781546702507213 -0.736648174701387
-0.0305419478918864 -0.869102558931989 -0.883160713231389
-0.025268679835984 -0.73073815156205 -0.732803600807912
-0.0176650767235025 -0.438313178733872 -0.427606205164819
-0.028077467330441 -0.853211313961359 -0.918498303665347
-0.0280824570757421 -0.8806325461166 -0.869215979756721
-0.0243769242263759 -0.769368116819811 -0.716606615234255
-0.0219046902552445 -0.547661064770493 -0.541364947835328
-0.0295726506056394 -0.924215767652189 -0.936678881624849
-0.016442362396473 -0.469752654925912 -0.423362883613467
-0.0160719630619782 -0.525734366578957 -0.478877400451146
-0.0347782931793083 -0.850824472965578 -0.830576616549418
-0.0351617609934123 -1.00784104400316 -1.02222323399588
-0.0311640038612704 -0.890540456707891 -0.857478107269468
-0.0339657815231464 -1.08848722439176 -1.17369162259241
-0.0243890581037098 -0.610594840665758 -0.590326041901111
-0.0225253401518067 -0.70520992400723 -0.727213636115182
-0.0246439091407798 -0.647960740101745 -0.68691355364021
-0.033748090302785 -1.02632435381205 -0.957719899226184
-0.0278539158201636 -0.891644605666007 -0.903878131207219
-0.0318191579018388 -1.03471411362845 -0.992459742481978
-0.028049506261141 -0.855509764236276 -0.889615532338847
-0.0206310263337714 -0.716574828160288 -0.753471910836229
-0.0185141662963079 -0.51618890060916 -0.467091732880631
-0.0207767078173838 -0.53780345000047 -0.523946745132462
-0.0233360803083021 -0.675375555092974 -0.770305458547157
-0.0199961944541287 -0.588956835894043 -0.568610451814702
-0.0362727428128531 -1.24730214252509 -1.19475587486883
-0.02270109238316 -0.877005327381586 -0.8864934630158
-0.0266137775889127 -0.794187295860503 -0.789627212727225
-0.026119215865132 -0.707631184088144 -0.73478600704958
-0.0295607231193095 -0.773224587558355 -0.843842394213669
-0.0365084721612231 -1.08936876228369 -1.07244027502905
-0.0192546362428628 -0.576336687418307 -0.596229160206154
-0.0144598110165454 -0.513187657606922 -0.482811902901998
-0.0242499868672756 -0.700459002216871 -0.651109339002439
-0.0242008236822199 -0.712922616122064 -0.716973863732715
-0.0178614372859335 -0.474195075206706 -0.480814699399525
-0.026659249696594 -0.764945505900044 -0.783106766701129
-0.0237764068256139 -0.661989181438373 -0.669500089256445
-0.0315016555643274 -0.938126040220478 -0.87316059883813
-0.025114221429228 -0.830588807666457 -0.808035921526168
-0.0274615655504894 -0.724123012446134 -0.70295688707497
-0.0215461843237499 -0.573623413281515 -0.575913750510724
-0.0239896546346997 -0.830651235137615 -0.785569979102325
-0.030204504580011 -0.966544966431395 -1.05809906043684
-0.029039805215164 -0.740891821337924 -0.744823670568747
-0.0263065740481216 -0.813024012662565 -0.808395227520848
-0.0316055948872537 -0.851990897792862 -0.864842931474447
-0.0241233084764118 -0.796441554948926 -0.847453968794462
-0.0230039548003575 -0.65749064482503 -0.641488122569453
-0.0237859571072152 -0.734759666279695 -0.741247442878954
-0.0244087646085985 -0.705937793858568 -0.665237412013314
-0.0240192592315523 -0.783693821587868 -0.819891762550021
-0.0255750118417046 -0.718285227564185 -0.68784624414018
-0.0345702173241343 -0.921960989367948 -0.922565360250293
-0.0337660852277204 -1.01929590925965 -0.916855247776517
-0.0257130396762645 -0.782518055798386 -0.806757203329107
-0.0306921622966293 -0.98687820267007 -0.96781014325987
-0.0224932921461843 -0.633164625437197 -0.62817409136686
-0.0309024527537873 -0.848412812788359 -0.799224399468683
-0.0216495634610555 -0.622517990552071 -0.593076949883869
-0.0270807758683558 -0.73426279160542 -0.739846627926793
-0.0277609998557584 -0.768711727759791 -0.798622159429286
-0.031240429342586 -0.90214579738912 -0.920339770730787
-0.0307383457257873 -0.969835588105248 -0.969326254862485
-0.035045557018301 -0.985780953714119 -0.986955101006711
-0.0258569014283637 -0.784800270770514 -0.783516041369137
-0.0265689742806377 -0.824404983480545 -0.82501785654746
-0.0379541412380262 -1.18647216791872 -1.14744508543426
-0.0224999698017518 -0.649739647086689 -0.619953345946794
-0.0227784037305028 -0.67014507682313 -0.674885775550174
-0.0264287216931742 -0.88726774458193 -0.816575528109096
-0.0323681008679397 -0.835051637190435 -0.954293149110625
-0.0342564960538203 -1.16078062985554 -1.0980706880373
-0.0349784862989427 -1.02725368388127 -1.11245509051696
-0.0197191691518964 -0.560961832683355 -0.573320030159642
-0.0255523632087011 -0.660116755338495 -0.64571967410836
-0.0230633099368772 -0.591175206546345 -0.604170991656771
-0.0245007598728201 -0.630173660318383 -0.633510592791319
-0.0197844435342212 -0.703781336005684 -0.712307779238469
-0.0207999866544912 -0.584969434835479 -0.542377536014408
-0.0269841576262323 -0.810818022525207 -0.753219709370277
-0.0222310229023252 -0.682933711852 -0.617079285025752
-0.026469146531329 -0.69687654881053 -0.643391854795959
-0.0210498894448436 -0.554541167725945 -0.538223084021657
-0.0390370824548618 -0.910316808666452 -0.88766387436897
-0.0154186301961156 -0.442704341757064 -0.429780325285855
-0.0244264154787055 -0.696218957605103 -0.655579973667999
-0.0228003741224467 -0.646470476627183 -0.620421718084636
-0.0246946864488346 -0.779965996397233 -0.778491795376167
-0.0246168673369755 -0.719782569844424 -0.734839855270581
-0.0109803906483492 -0.290058343352572 -0.262433998882089
-0.016499631296422 -0.500431318010385 -0.475397714660636
-0.0267747828762028 -0.888062029510014 -0.79379339047719
-0.025934986593627 -0.829245342319615 -0.785403151821514
-0.02653188082283 -0.727460975111846 -0.709119746563659
-0.0245346082452892 -0.702346300009808 -0.683927670199308
-0.0328377513867059 -0.907818683878673 -0.848654780021246
-0.0238342284981075 -0.783020516198248 -0.775424921114027
-0.0190380335803016 -0.465441677471018 -0.428090785091137
-0.0195799970787763 -0.580204416739382 -0.601079281986457
-0.0261664893251744 -0.803127684730938 -0.877692112392054
-0.0154671349474846 -0.472419364705164 -0.44651315653606
-0.022670910115378 -0.673150388104974 -0.644079093301272
-0.020190139024575 -0.46991074453397 -0.444222489168482
-0.0280113716789555 -0.7420123043413 -0.755710735941195
-0.0261120641901992 -0.714629835118683 -0.658334398307672
-0.0210887033793184 -0.656826520231101 -0.678239680271971
-0.028057218779758 -0.717807392441865 -0.72471723780531
-0.0254950696932452 -0.841584909528832 -0.866464842505924
-0.0239328020136179 -0.678972406165624 -0.647601024761293
-0.0198381002139489 -0.57936572242952 -0.614785290709122
-0.0276760905059792 -1.0666839160251 -1.04474616931997
-0.0280933207311644 -0.970143998543782 -1.00286608599409
-0.0127520242117234 -0.436494843055279 -0.417987977487468
-0.0243813826545708 -0.673034070106399 -0.685849765797361
-0.0192005899875329 -0.525528078695625 -0.543830083056258
-0.0174775797169448 -0.566140634399697 -0.532417621846507
-0.0254442687025409 -0.657261586721599 -0.601162146401256
-0.0185067447846846 -0.60029513366573 -0.634643598382911
-0.0233021118516539 -0.733737287876633 -0.741509531021252
-0.0242952802364416 -0.713113153144005 -0.696360800164248
-0.0248608499097204 -0.667813700698815 -0.672254392112559
-0.0105403557538364 -0.330539162653326 -0.318547487595895
-0.026556001045265 -0.846205686066462 -0.816839533109769
-0.0148441044706742 -0.404977765613931 -0.418794404781989
-0.028833502943167 -0.77952595948772 -0.815723973422716
-0.0194515203846526 -0.498011755431376 -0.498040620756878
-0.023991308433562 -0.816478489394923 -0.741779295196206
-0.0261667012676724 -0.721814186819363 -0.694062381755806
-0.025128674136872 -0.800468175794363 -0.83981538559891
-0.0233815316489849 -0.732583124196371 -0.759619312472944
-0.0237760896478451 -0.715994774149149 -0.767072573308155
-0.0156006640615981 -0.451346766506685 -0.443408454441987
-0.0196994605610655 -0.544135361031494 -0.512106543711265
-0.0228165757411423 -0.622001037124913 -0.611028337899759
-0.0210548237578587 -0.685850821956964 -0.648650589497243
-0.02748712370749 -0.849934684755989 -0.8948174132665
-0.0262383440148899 -0.79323536271601 -0.795159061318846
-0.0204192446651608 -0.58805638183452 -0.588927236946834
-0.0246302983660245 -0.645148499884983 -0.676565897588111
-0.0195289526225151 -0.621365051916485 -0.615178143057303
-0.0332241694261024 -1.05302308221632 -0.977802965526754
-0.0243179283172713 -0.803066328877509 -0.83156503497187
-0.0205310005557623 -0.596058328001301 -0.646020920563109
-0.0217193382616559 -0.649655639172721 -0.647713401458919
-0.0170796473226504 -0.466514792846999 -0.4676446895049
-0.0218788373324464 -0.595663614772396 -0.60696811042634
-0.0205797395914141 -0.592964646598093 -0.572520873939437
-0.028333715804438 -0.836652826811055 -0.793858250544143
-0.0217725041137258 -0.752717626132341 -0.716493122062765
-0.0226534488818323 -0.669620953237339 -0.594671596019055
-0.00844607288703339 -0.2523255978461 -0.24738533085588
-0.0177810229059399 -0.50519195182662 -0.487803971702967
-0.0190933385399191 -0.533200248488602 -0.536470758581879
-0.02455823406993 -0.705657690235737 -0.674031745340553
-0.0307144874884117 -0.865057882300999 -0.862082256756119
-0.0298622106389606 -0.773761522941725 -0.761204499136825
-0.0392994455175857 -1.17307364015927 -1.24829517420322
-0.0215593659483219 -0.657420555793658 -0.627944788250064
-0.0195955382230215 -0.518855152251713 -0.51653217489452
-0.0310886053997493 -1.05892920066641 -1.02148260956335
-0.0277191602250351 -0.837520057284255 -0.872391964262212
-0.0279702808883961 -0.844123236509518 -0.762014030278835
-0.029596963113632 -0.98105147383541 -0.996103974424804
-0.0140246214029629 -0.367224147235732 -0.353479590224328
-0.0265259393723327 -0.837067385819612 -0.745774106524036
-0.0141705809734565 -0.415497779599099 -0.41272514361319
-0.0276829257165551 -1.01392934095707 -1.04271391617251
-0.0208716916281188 -0.608435184845068 -0.605726245626313
-0.0407119062440741 -1.13303196239685 -1.19017402735349
-0.031735622707826 -1.18456931957994 -1.2067348534132
-0.0151244831187976 -0.415810005454646 -0.407133317518985
-0.0329598974458636 -0.977878991777335 -0.955413988408903
-0.0232809937788929 -0.606933473761763 -0.604431041698844
-0.0279801637863092 -0.831406735808091 -0.878635357295938
-0.0227290060771645 -0.68706288284535 -0.692368837045604
-0.0234117362773068 -0.622727281256207 -0.602910190954479
-0.0283229865681563 -0.810984707039129 -0.815033406997102
-0.0286354487351217 -0.902105721128135 -0.90463283685878
-0.0209835798417813 -0.562120598416479 -0.58896657456758
-0.0265689767037613 -0.678468525330934 -0.687622322899811
-0.0207824367501389 -0.559545705307322 -0.55276737995738
-0.0231110255155243 -0.527106715717896 -0.528578227253592
-0.0244317873800579 -0.709373452369554 -0.717747887059563
-0.0274369317716081 -0.854900296090541 -0.867763202801809
-0.0178976622106685 -0.556357780285165 -0.568806544720621
-0.0324915965976399 -1.01931968479737 -1.00682153864557
-0.0296122980190086 -0.77412332218788 -0.732271011257495
-0.0328272714365185 -0.806968015595572 -0.770843739919721
-0.0299692631781567 -0.75847339067767 -0.750999300157057
-0.0307423514561718 -0.909214593881481 -0.922849780075397
-0.0201020985546094 -0.577959954701859 -0.561771910622153
-0.0212465896938752 -0.577353633583732 -0.574729584047579
-0.0219096672049205 -0.690018015124541 -0.697888439692642
-0.0202943280779433 -0.618527214324275 -0.623977369803123
-0.0212965936287006 -0.555229483648706 -0.55683871220699
-0.0220546451146615 -0.650365271102908 -0.621062198950085
-0.0261948532029491 -0.688255613409996 -0.635449734616667
-0.0268173521151131 -0.944011452704465 -0.912949888409421
-0.027801460839424 -0.772020492012006 -0.741803738193023
-0.0175822070252286 -0.561494441740412 -0.509188976297353
-0.0150218010680982 -0.41919815201219 -0.377737850429161
-0.0245206617952933 -0.749011410697134 -0.725760711061176
-0.0224364880324562 -0.728436437767585 -0.697606732131617
-0.0268440677731544 -0.934640872564055 -0.917263140282302
-0.00570163409387611 -0.138788426055915 -0.161257636494909
-0.0404521363962846 -1.04884548557879 -1.11776640170488
-0.0276519001300051 -0.807048870396903 -0.833876850487759
-0.0236207659643346 -0.637402675010605 -0.647770192867519
-0.0307691735997801 -0.831475494757086 -0.723965772068001
-0.0246622960113956 -0.771304728869322 -0.763300011997824
-0.0241046858052022 -0.699159694043065 -0.714768758315546
-0.0285985734081765 -0.950600767918946 -0.934426052780337
-0.0264966976684466 -0.843018454170306 -0.792011537588588
-0.0286968160614374 -0.903702108525323 -0.882216407814516
-0.0289352272209585 -0.857432527224965 -0.852691143469585
-0.0183245304469625 -0.509399902984063 -0.532947290302283
-0.023278627337007 -0.670815229245072 -0.678728266631849
-0.0330526959358827 -0.998169209468837 -1.01339629827899
-0.0224567060114943 -0.698762350969505 -0.690315979863143
-0.0225556524461837 -0.66232829495735 -0.688831386034366
-0.0277880743842246 -0.670721939947074 -0.729527360773001
-0.0308269768278813 -0.884231104190197 -0.94939219416083
-0.0266642044910954 -0.802736526779148 -0.803597691056287
-0.017418306248279 -0.494934546021891 -0.466081030368106
-0.0215601571758696 -0.540148806063303 -0.543752752052364
-0.0172051984868819 -0.458511235725152 -0.423953439482505
-0.022607477378513 -0.771152013439575 -0.719808245066201
-0.0186864285045564 -0.47295155496387 -0.495741894199409
-0.0171908962366456 -0.579596491356494 -0.575125413380422
-0.014340024694584 -0.450276532412521 -0.427624072955391
-0.0215722955045669 -0.606472077693783 -0.608546553057313
-0.015525746156931 -0.411700376982793 -0.395136616553322
-0.0313316608010802 -0.906457348590159 -0.897607221855369
-0.027779579651636 -0.794849101737827 -0.759393079786624
-0.02699473663259 -0.978868676239799 -0.872801642722204
-0.0226779764856276 -0.637396058196075 -0.672300920517704
-0.0405790963010565 -0.997677081506764 -0.963344171367467
-0.0276260356007295 -0.920196622216019 -0.928914409707961
-0.0202677359069027 -0.611868647440036 -0.676509449866698
-0.0309889664119677 -0.929773952724214 -0.92060086937857
-0.0231164806991953 -0.655977022191401 -0.705426625806201
-0.0343010656643595 -0.932836912611979 -0.908896929201098
-0.0259957335638438 -0.595841495523944 -0.585217327142402
-0.0263765577937961 -0.797026435627056 -0.775497543919855
-0.0258187471595549 -0.687832390810152 -0.735464801180331
-0.0363815164244104 -1.10244780924516 -1.08650053282323
-0.023955132043098 -0.698538857639313 -0.699226950691353
-0.0271736179128825 -0.765918552340702 -0.745120974481843
-0.0203191499846913 -0.631230559145641 -0.629567492050468
-0.0235200184722873 -0.674890662548704 -0.609714026992866
-0.0289265553741065 -0.828665766946236 -0.811028561066354
-0.0216888146714438 -0.654080471595045 -0.629589896080414
-0.0183188901557012 -0.501577950356666 -0.514044023232588
-0.0298769398140499 -1.03257979208045 -1.03673410804673
-0.0205988517034584 -0.594528511439912 -0.626972677759145
-0.0217560272718828 -0.585257847691988 -0.565118653916775
-0.0233753310710259 -0.694954878538714 -0.637256751826364
-0.0263745577379064 -0.845045766509305 -0.744283067542612
-0.0262162547866104 -0.717093210603595 -0.708571556019092
-0.0269853216777111 -0.958314405163579 -0.90008108566768
-0.0224670184524923 -0.70920407421302 -0.701316580927467
-0.0218571681767465 -0.64402587943385 -0.630587635488978
-0.0216769964294034 -0.503454598501213 -0.490450258884447
-0.0187367725906663 -0.52001775920634 -0.552592918325393
-0.0274323488204211 -0.965561163734278 -0.994279227289563
-0.0223498760370683 -0.692359640820393 -0.652027144258688
-0.0215988274226694 -0.654803126901761 -0.624396347896733
-0.0269682777295372 -0.697082191428374 -0.67067176895666
-0.0151743178150977 -0.443261379624262 -0.436936943202513
-0.0227715885570716 -0.657911621896634 -0.645119865354009
-0.0114829947066894 -0.26727595240432 -0.264377933390641
-0.0302498524107327 -0.906147056805385 -0.901728103790337
-0.0317457750467321 -0.814254610155049 -0.816334987844035
-0.0226876863880631 -0.645980487032183 -0.678584109186717
-0.0307005709388168 -0.884290214888626 -0.841132421797328
-0.0228307580912546 -0.783926903590561 -0.830923151990437
-0.0226368106185661 -0.576217979262334 -0.570385442968677
-0.0131534157818832 -0.377746263827172 -0.366678442315141
-0.026242277591288 -0.673506841203854 -0.661022262050579
-0.0252517306459906 -0.794587223444875 -0.793577427024286
-0.0175715512884202 -0.531096001147055 -0.557074432795018
-0.0284117267675174 -0.851614840283532 -0.889801948932347
-0.0230212255154472 -0.749183441439096 -0.759533450278873
-0.0184457599685159 -0.496292373540332 -0.500477887908793
-0.019974079950965 -0.629935951702677 -0.549875680113408
-0.026105339623191 -0.802845435225724 -0.869875563026038
-0.0216037170790889 -0.635319509622742 -0.639805666132866
-0.020199941265533 -0.60295093433908 -0.579202486718374
-0.0226091531878961 -0.69345314969726 -0.765499998894512
-0.0338561190409377 -0.884551194788145 -0.898869613653036
-0.0345692532726615 -0.966447329376571 -0.947787785170272
-0.0322316839794119 -0.931782246067109 -0.892960216433085
-0.0239325085408053 -0.774031498303409 -0.807707716148185
-0.0289910355824591 -0.773959457267197 -0.739337488183394
-0.0197322921044751 -0.538966381830442 -0.524442914955367
-0.0247546886129402 -0.710708752004211 -0.672848554711815
-0.0287932369271426 -0.846226091888508 -0.852118099432986
-0.0206058511115297 -0.632670488511245 -0.62220189020919
-0.0277799679973194 -0.879013348979479 -0.828537873917114
-0.0222300158096785 -0.609892375067865 -0.629869537553418
-0.025729872318745 -0.750629922078878 -0.726095221838666
-0.0347650431112181 -0.972720670899608 -0.923470048166668
-0.0232790519206551 -0.638893663242483 -0.619017804064506
-0.0243998442011081 -0.67218142646755 -0.714974115987991
-0.0198583384604835 -0.527453094476388 -0.465711476584173
-0.0253759793449518 -0.826661253802163 -0.902395792901182
-0.025624088679673 -0.821058506400628 -0.814982866202798
-0.0158980601364097 -0.46252926899479 -0.45977010268317
-0.0177373077626582 -0.504684324123482 -0.477874738706214
-0.0254529457455311 -0.587963359595138 -0.560073960890686
-0.0218044243412599 -0.586688051644754 -0.599617079694208
-0.025882533510208 -0.816347011269011 -0.809933482802324
-0.0269965549860918 -0.749084214824085 -0.785054545758035
-0.0240813471162967 -0.782434273932983 -0.835811537714861
-0.0212251589912013 -0.889910794092388 -0.913603822736098
-0.0232943016618051 -0.662598344537657 -0.649362168414215
-0.024202287625272 -0.662966897910091 -0.629686547954477
-0.0187143998871263 -0.469499374685854 -0.459017469667346
-0.0210667661218781 -0.610248671569746 -0.600765973023229
-0.0261314801005999 -0.706331148549309 -0.746215175828709
-0.0196393086371082 -0.566265212965932 -0.588852115955157
-0.0177364496943588 -0.595411659751263 -0.642199174882351
-0.0335047159147756 -1.00846824838754 -1.02544886642204
-0.0275252509420474 -0.779506333868041 -0.721144635665956
-0.0220259411819976 -0.659976269895846 -0.640788211180904
-0.0198400114475569 -0.643773378281781 -0.643886820452408
-0.0266011124962804 -0.82454099004258 -0.862963605468488
-0.01928909877676 -0.634985369609858 -0.616252630550277
-0.0338425930877493 -0.968449544202257 -0.92933779553577
-0.0211359236210807 -0.585799842729595 -0.546354927420634
-0.0268027737933831 -0.786167339731839 -0.758733600164857
-0.0290581489635926 -0.841099138405808 -0.880876862303428
-0.0288884931305943 -0.856880776112218 -0.875155913644406
-0.0286228828887419 -0.889828806618891 -0.842646545052408
-0.0394054238265929 -1.17948532982594 -1.22363855269701
-0.025995374295478 -0.788486716263286 -0.77806915047362
-0.0194038939203152 -0.628990597916833 -0.677662152238624
-0.0188407796558777 -0.506482675790119 -0.480451543295418
-0.0273922609758315 -0.921490980295006 -0.954506820762506
-0.0234103281164381 -0.612144587108992 -0.589373978672497
-0.0229817548094372 -0.623449760456624 -0.627447056944732
-0.0220892348135664 -0.66403751598432 -0.616192009873757
-0.0195455729721504 -0.65933353250102 -0.630676783506031
-0.0197647267649469 -0.437270663699996 -0.475763004606053
-0.0312732353360531 -1.08290357214402 -1.04347347771309
-0.0215087695090051 -0.69510622337464 -0.723102712549867
-0.0374676178969446 -1.28838908223363 -1.28150510077605
-0.0295041757245597 -0.778575847913637 -0.723782320225249
-0.0353663588689786 -1.08543549147628 -1.18008296852076
-0.0270006937215905 -0.665775637632332 -0.669462723157161
-0.0222802056938454 -0.713356445612321 -0.787793275698061
-0.022673975356027 -0.6860593283933 -0.666166853706373
-0.0278964597147336 -0.738392382740167 -0.734305231529862
-0.028602389083852 -0.802844578625914 -0.763425579303921
-0.0261148656563232 -0.657156778246182 -0.646327503577008
-0.0235573356182675 -0.786942975065299 -0.801399660853199
-0.0193240937980189 -0.514855045782759 -0.536241118987777
-0.0219819017817046 -0.641513586362554 -0.641366570965809
-0.0203125531175363 -0.630496867455856 -0.634629250969671
-0.016920954924415 -0.475725341688295 -0.480228892643395
-0.0295612671010115 -0.886874126269344 -0.892645851368471
-0.0288514498076724 -0.835704760260154 -0.875381041509694
-0.0205343630680186 -0.57897620289498 -0.573304475084032
-0.0196582909972117 -0.538573560362513 -0.527038753900019
-0.0160730004061034 -0.443526359681406 -0.448764793032208
-0.0180513177745027 -0.529677911725039 -0.518075337324938
-0.0255709804000787 -0.65794832000992 -0.653814681211818
-0.0314415243066646 -1.01258878261622 -1.04499992829673
-0.0222108793041454 -0.601158148010459 -0.56368662308069
-0.0283647165951522 -0.912173953855091 -0.893513550421572
-0.025705961742522 -0.750911570759087 -0.763436102526567
-0.0266527347341522 -0.77921736227761 -0.684163844003871
-0.0241463721258623 -0.695950572254157 -0.655506075023924
-0.0125630412443996 -0.343900771953509 -0.37919455488729
-0.0326806819846013 -0.824498488559295 -0.842695718061513
-0.0282372287887959 -0.769227475485761 -0.770470837070458
-0.0258347135705055 -0.735829775491518 -0.791149441814639
-0.0224141942955807 -0.713845266073688 -0.722426744961966
-0.0158424166618732 -0.393437470555301 -0.399237762677596
-0.0246435862072539 -0.688884781800108 -0.67455860099699
-0.0232723441830074 -0.792515356276943 -0.775066803508989
-0.0208809746135702 -0.661689517631611 -0.677447812428411
-0.0209422369823821 -0.619694914895579 -0.626473169857069
-0.0181937144507974 -0.496262172413503 -0.493778582252407
-0.0221744360254755 -0.627681864336237 -0.646323907261911
-0.0172120171781155 -0.50700712644807 -0.524306617438018
-0.0228907763261591 -0.662049263764049 -0.672005556801907
-0.0277156332620271 -0.835152070699144 -0.744687278879244
-0.0296206591091486 -0.834356102392049 -0.846615609933804
-0.0142969774341034 -0.36136335570339 -0.391756396507551
-0.0194845738461774 -0.549253014014315 -0.575883935643838
-0.028499791146876 -0.866956545289621 -0.830900613997398
-0.0336638416803085 -0.961448013996772 -0.982574797524236
-0.041442248435559 -1.24143842831185 -1.17079614404823
-0.0295089450196094 -0.859425490400188 -0.855889846560775
-0.0180333886397902 -0.511792630756168 -0.533729737581237
-0.0156007343221768 -0.420679400033626 -0.400826647814117
-0.0196671468461406 -0.535159320544377 -0.52380573733408
-0.0183112489600613 -0.544208648010579 -0.586369764141911
-0.0292973452025375 -0.856203267331224 -0.849909719147687
-0.0273866200365877 -0.81113431253158 -0.817122565071485
-0.0150728545677892 -0.455152648721887 -0.457216202846324
-0.0202917849988535 -0.639560854019707 -0.716615118184388
-0.016261629392546 -0.448358651493296 -0.447526243577986
-0.021626152214634 -0.649397626223075 -0.673086775180521
-0.0287841924355404 -0.738194075710739 -0.750023484137472
-0.0165487008578212 -0.553450708302425 -0.546003804931555
-0.0248640933255002 -0.790849788336992 -0.820482278743627
-0.0179501264810916 -0.552930353226728 -0.572146289029676
-0.0291337689698682 -0.757564324497162 -0.757912482457657
-0.020510244810494 -0.486614099170736 -0.505217102964045
-0.0219223473875891 -0.672175655178218 -0.625817407545117
-0.0185458849824204 -0.565536550576113 -0.541054668848179
-0.0275821415758367 -0.665688574445283 -0.668341915655991
-0.0283278749819051 -0.789323972173278 -0.845036849602605
-0.0296826298854764 -0.761843811038913 -0.758440724452607
-0.0266662367279834 -0.756359140068184 -0.733955244934757
-0.0270176891247561 -0.899931646219992 -0.902255364143025
-0.0289606467878557 -0.706416566711112 -0.685229492191993
-0.0310302807483114 -0.940972432215823 -1.00362389572847
-0.0162699194028833 -0.487551765877741 -0.438415142029045
-0.0105267274236557 -0.265639399263633 -0.259045895622148
-0.0265654114592176 -0.750588530024285 -0.723392743013397
-0.0185811911797073 -0.588553090776273 -0.57341522854229
-0.0148767470548291 -0.538856477111148 -0.48756365479505
-0.0305531752712934 -0.899690259115831 -0.887378948816951
-0.0241652228346665 -0.739335469073282 -0.695444351825957
-0.027989988332078 -0.886826003008575 -0.850155198715242
-0.0192009485823306 -0.619662462469076 -0.57766880496169
-0.0193771647122592 -0.548737910384115 -0.528492728212206
-0.0156950895748363 -0.438640909424799 -0.43731651650754
-0.0155827150415334 -0.492049610010045 -0.466479793454166
-0.0154299782527369 -0.46252516919504 -0.478106756598399
-0.0165827136116899 -0.53225369353783 -0.505368013412712
-0.0279319591515022 -0.852739067072558 -0.835438696811852
-0.0227594322632129 -0.601358801856334 -0.574801175690766
-0.0270048494442688 -0.948874796437736 -0.891570805068149
-0.0222896257622396 -0.834426962966724 -0.794944870342292
-0.0269647647219241 -0.77803792843379 -0.754425302895912
-0.0183860462726248 -0.560873953986317 -0.538400541846477
-0.0290107184106469 -0.801169798331585 -0.743645563225908
-0.0177690388413947 -0.508322173628922 -0.492890914034727
-0.0247830504752315 -0.666861155954806 -0.658022605004148
-0.0226393052929744 -0.747673003460469 -0.676774652796951
-0.0252904320626774 -0.67867318406101 -0.695661567244287
-0.0256012984551069 -0.706726955070111 -0.786964030189367
-0.0337247730627256 -0.954034384367971 -0.898891069322989
-0.0213976932498889 -0.536796751202878 -0.519255807636691
-0.03148584044299 -0.826385753901825 -0.827120444607591
-0.0320027118712827 -0.890346467808859 -0.901570366872625
-0.00924550567467674 -0.325976863025381 -0.322890267196846
-0.0247712056205769 -0.670616372161518 -0.69715526325248
-0.0237394751913257 -0.785900281429527 -0.824193989059605
-0.0196106559171443 -0.545326950440431 -0.531258972431062
-0.0269074794468086 -0.890976520223627 -0.985283191154287
-0.0272285040012025 -0.843931666838696 -0.828312627424541
-0.0204508357828079 -0.593326076796744 -0.59788879021745
-0.0244272477401286 -0.747201724311397 -0.729553159019438
-0.022254350832207 -0.608524068190027 -0.616959976551184
-0.0296731129628366 -0.831379186910198 -0.837877783035076
-0.0146152854627967 -0.401482103430792 -0.402440551315244
-0.0236869689549954 -0.720938197943427 -0.702973687736704
-0.0262127578901127 -0.815524340015047 -0.754620083120202
-0.0314052788337822 -0.871300367034483 -0.85506749917556
-0.0294819046825114 -1.02262485336385 -1.01211395702849
-0.0158658445161758 -0.468769232579196 -0.438867624739853
-0.0205985592318051 -0.592386892318763 -0.539083236374035
-0.0332240402350628 -0.808692582784093 -0.767461437343545
-0.0175672888057008 -0.571383855084364 -0.55960516556044
-0.0332448497775233 -1.06131160605997 -1.07446361779798
-0.034507933911777 -0.859721222982438 -0.815187041288045
-0.03243054618219 -0.846082697494322 -0.79601549142571
-0.023283196664451 -0.669365155539545 -0.606800236744373
-0.0198575245072152 -0.604653501385397 -0.624067705890131
-0.0233630859711827 -0.631355291696279 -0.600316567258056
-0.0255452280465375 -0.871296013002115 -0.871818302828368
-0.0308229574567324 -1.15210068011935 -1.26655027675647
-0.0226521702316977 -0.577730423593959 -0.553057573150199
-0.0209061701917579 -0.536847500863176 -0.529540464131949
-0.0206025127361616 -0.629378127560272 -0.594919781924198
-0.030459873639969 -0.737758237512991 -0.766494543204068
-0.0173679319661617 -0.483740637167815 -0.479888276338307
-0.0263100059462646 -0.917798779773979 -0.941845368347297
-0.0268793497456362 -0.82349418515593 -0.788984854745405
-0.0140584195822856 -0.374040050198068 -0.358940385891539
-0.0161300312267055 -0.436377179639576 -0.41101176530618
-0.0234345576076734 -0.816733654737236 -0.787099526881326
-0.020648662217878 -0.580548132446469 -0.571809255968937
-0.0251674216751009 -0.645287375557499 -0.633227960457636
-0.0187607611631518 -0.668089439643445 -0.67121905521345
-0.017728594577425 -0.589381273624648 -0.586775366084752
-0.0205172838823614 -0.737228248443476 -0.708526186514995
-0.028 -0.767528581598174 -0.766078473277765
-0.0230225475395413 -0.598291096499694 -0.6451760278989
-0.0310004509800679 -0.940295984344493 -0.943166985428314
-0.0243405803893378 -0.673577985828103 -0.703848811959311
-0.0270078919603068 -0.762101076738047 -0.714846062538279
-0.0324217055295361 -0.819969499427346 -0.832942605490566
-0.0282558149310235 -0.770928512510112 -0.70613155230699
-0.0170337353471116 -0.446642122387253 -0.45301766543753
-0.0231507942644208 -0.744203806852655 -0.762180526330993
-0.0183479118441032 -0.520639109019175 -0.539389873560697
-0.0190661524780248 -0.496544021581621 -0.469144790020531
-0.0328869646318252 -1.02922483218647 -1.07667462241221
-0.0247353265286557 -0.804963665170641 -0.811175108348517
-0.0206771351260425 -0.578247689941658 -0.591561642208827
-0.0185838010328791 -0.608335368230041 -0.601019870763354
-0.0253948263518154 -0.690472965044769 -0.696208513249667
-0.0264963370254151 -0.775014807801502 -0.767421476727635
-0.0287578545160761 -0.97517051319314 -1.00498139591345
-0.0274399267786289 -0.650741269778732 -0.648853551022384
-0.0166746036318788 -0.456382503436478 -0.439391979405597
-0.0273333333333333 -0.736554006136776 -0.772406846505558
-0.024484653268309 -0.724290728127762 -0.760687001163403
-0.0261343384865845 -0.75067125603908 -0.736768035014338
-0.0231108291113884 -0.721343790108165 -0.649881591692101
-0.026576739679635 -0.859824589051683 -0.819636919425985
-0.0259361858023801 -0.765343512016957 -0.745045917418682
-0.0243961300415138 -0.669479664430155 -0.672771561874941
-0.0361681932020798 -1.05634433411697 -1.02058533293312
-0.0309433077213339 -0.910230095475553 -0.949495951392687
-0.0303145232085613 -0.862588557919957 -0.84514264210942
-0.0305261105279245 -1.01270213830033 -0.970718059406699
-0.0294540108453688 -0.716386608948246 -0.673952741713149
-0.0304768524093167 -0.932296403426575 -0.896237376114397
-0.021246586067417 -0.527652230682463 -0.545901661053294
-0.0097235173126544 -0.25227644690172 -0.230196737656248
-0.0153397148419501 -0.44651587972305 -0.469162692774638
-0.0124471179401669 -0.340484371962038 -0.358119991190167
-0.0284461047822891 -0.768419050178547 -0.804177213479188
-0.0246097955110243 -0.730607110348811 -0.718306218130818
-0.0216469684769639 -0.580769017136906 -0.609696768403943
-0.031878453939574 -0.704829883817168 -0.701280456830939
-0.0264519425575919 -0.860263612614447 -0.931658789637591
-0.0180887481287767 -0.45453867945138 -0.488015585464175
-0.0120450332031394 -0.353452620102964 -0.362020542076862
-0.0209117018960329 -0.645329150880921 -0.634791701853919
-0.0162718850824628 -0.421640287717623 -0.442729139910736
-0.0174610799507444 -0.634484007063345 -0.572204859712027
-0.0208034872374658 -0.654585702390143 -0.592757099390183
-0.0175441869110673 -0.405800498876472 -0.416201071877942
-0.0176673787601014 -0.602158784392844 -0.602968196515297
-0.0219998077850996 -0.719911029026942 -0.714047059313752
-0.0300951479620077 -0.807283350941016 -0.784824084315634
-0.034903777793556 -0.89999214961468 -0.925978593610582
-0.0222937935392834 -0.591670226359563 -0.608468547996562
-0.0209221417905156 -0.604768175856948 -0.632557670167087
-0.0284004618240188 -0.706647052146684 -0.733860266249062
-0.0265146427122333 -0.696600195678333 -0.69936585907492
-0.0287265542194706 -0.746370925716715 -0.685282338369144
-0.032967561437444 -0.958874101887643 -0.906968068965397
-0.0234770365874528 -0.719777967602897 -0.719712567990024
-0.0266946174536054 -0.7198244427989 -0.748295455297663
-0.01477378596015 -0.440330159073449 -0.438234981983622
-0.0226476423778608 -0.602616792861273 -0.559933157405831
-0.0278333333333333 -0.823244841132398 -0.893256346556552
-0.0193160036756903 -0.745547741929789 -0.72253619171457
-0.0251701854242001 -0.670862947969051 -0.666931145025934
-0.0171520943631435 -0.544940672944634 -0.466658987351475
-0.0179853795138899 -0.507550744590658 -0.527843941110932
-0.0163523270842917 -0.46678661441323 -0.501620187382348
-0.020855999991335 -0.563852423444724 -0.549220526077215
-0.0188915662767285 -0.573116985367228 -0.573748570009883
-0.021855571460535 -0.65231757647508 -0.614923354373519
-0.0150398937726636 -0.346257799850392 -0.348315553870656
-0.0224519318802734 -0.643766772891919 -0.638617496132495
-0.02838593983779 -0.787538239508869 -0.765819852745666
-0.0279825173526562 -0.816633657966503 -0.840897702744866
-0.0195998918964446 -0.618251755776846 -0.621197100930662
-0.0314767243754688 -1.12406703233261 -1.09791633974306
-0.019325687293743 -0.527928200796019 -0.5134876985685
-0.0287582450070441 -0.78712607974231 -0.727285212462249
-0.0233522172204932 -0.64434680318673 -0.587327460697862
-0.0125753393444214 -0.395070498321096 -0.381874507924389
-0.0270002297005392 -0.907265802186784 -0.879695488763729
-0.0287601918352017 -0.767044915232293 -0.712858951289375
-0.0331508465953887 -1.0037530707113 -0.961551453929626
-0.0260900432685904 -0.723193286367581 -0.69414065649567
-0.0292724376428271 -0.852215865742966 -0.86081196609368
-0.0208113219493619 -0.641632116417814 -0.63054925450779
-0.0243185778622264 -0.907914920132658 -0.879306826000187
-0.0251281196890183 -0.678290724007962 -0.647998245211518
-0.0314795952989083 -0.94436178794619 -0.949971519936311
-0.0108339966704214 -0.285991277332993 -0.317000302687635
-0.028347041105392 -0.875498029865474 -0.848023628123286
-0.0350237636314123 -1.09258167783624 -1.06692947754138
-0.0270198336223933 -0.952597723972195 -0.962877657745908
-0.0219289372133657 -0.676016821158472 -0.670888787202035
-0.0281827723326892 -0.808015560325862 -0.825886499366268
-0.0284686530298026 -0.707364893772744 -0.68288881157607
-0.0197975574238589 -0.538751572009626 -0.533690529692333
-0.0170819621061293 -0.436814022309749 -0.435267764877661
-0.0298730106032521 -0.861019086883171 -0.851611075834451
-0.0355282214426125 -1.06348760455865 -0.976032861266654
-0.0155726531855973 -0.437909232738999 -0.418803636890781
-0.0340755273608095 -1.08331739527685 -1.02483288176019
-0.0174099475511884 -0.688058291126885 -0.618349461806885
-0.0259982735922329 -0.797131798509485 -0.715354529646727
-0.0236024196336506 -0.62556356836215 -0.59957573757178
-0.0236350043678876 -0.634608117167672 -0.654356411975886
-0.0250925177003933 -0.802657056406368 -0.811398325974495
-0.0195593286820816 -0.529204661030672 -0.523115468447149
-0.018508575094785 -0.538399006934219 -0.54447103258663
-0.0171318337657936 -0.546976737561817 -0.604463693244245
-0.0224333140939543 -0.647421253764547 -0.661901706263375
-0.0250390527136864 -0.717063947295233 -0.683957148936184
-0.0187844832553719 -0.473909677918178 -0.498826553499345
-0.0287868365164984 -0.774432229352552 -0.770277944685711
-0.0342915648769533 -0.950157253515351 -1.03175872210835
-0.0227032090281166 -0.697324598466465 -0.729436075992097
-0.0307748927066629 -0.894138102159805 -0.833995462801226
-0.0286227683701181 -0.807392308487767 -0.746897644369965
-0.0250648695804182 -0.726229776214929 -0.704473465855253
-0.0385852035309792 -1.14344164823634 -1.0707208063029
-0.031979998701204 -0.85437695796432 -0.876372476208764
-0.0275 -0.989979597841133 -0.9254921576297
-0.0212710434777668 -0.729765969035344 -0.774180375929016
-0.0216524886481749 -0.637454639671847 -0.606111020410675
-0.0254623611431975 -0.780482694085628 -0.766782538580809
-0.0297367466536386 -0.794338138560146 -0.824520844565355
-0.0195147279766071 -0.53738129055451 -0.51185197877463
-0.0193867080188454 -0.511949350922369 -0.470978488251146
-0.0235092051076493 -0.717556070695507 -0.72083842666437
-0.0263333333333334 -0.962560490957125 -0.848292517401463
-0.0231343217586101 -0.694543289445023 -0.691244519337989
-0.0348072606224373 -0.89877856724783 -0.901821347667828
-0.0247232683124692 -0.727077765912167 -0.775564583775681
-0.0158543982342621 -0.441298971965148 -0.445196748359916
-0.0239810533857748 -0.674673900275186 -0.682369336968928
-0.0213809151707108 -0.526076589135144 -0.556718083068399
-0.0131099598441865 -0.445314281326731 -0.456082635486572
-0.0294113853762095 -0.702278721353529 -0.663097023594252
-0.0311253396125353 -0.926616463950148 -0.956848590830707
-0.0134796490794182 -0.419667649530789 -0.406699364657443
-0.0259175832316717 -0.747221982830062 -0.690840872994898
-0.0251283519807871 -0.913811418757241 -0.898843462239935
-0.0221419239070645 -0.660560192044308 -0.707760016431638
-0.0268749960192102 -0.765721835889424 -0.726726070234749
-0.0297668404464313 -0.83911647669012 -0.889773944927371
-0.017493928158974 -0.545037568913411 -0.551654014882184
-0.0369208143757959 -1.06999108494753 -1.05546372120766
-0.0306276902144096 -0.93684243677055 -0.944519001905748
-0.0313430833200834 -0.89612221739622 -0.870993821804552
-0.0261476384197094 -0.786001090586702 -0.744053322326456
-0.0233230757340445 -0.852873952370297 -0.869472050491744
-0.0282078853075314 -0.744506414204022 -0.740637817622234
-0.0289911936245716 -0.971342766177219 -0.968616223363403
-0.0249742567380123 -0.64594560899891 -0.662674186930295
-0.0123298680733477 -0.337437936027937 -0.344100838084225
-0.0160494133845308 -0.433580825841875 -0.476136195268384
-0.0236158870343283 -0.725796941218906 -0.701432805371469
-0.0229342125875995 -0.621322465545395 -0.605587478851999
-0.0316564352079437 -1.11132763438983 -1.09295377748822
-0.0234034217202424 -0.658432124471421 -0.721897144239957
-0.0198957025002998 -0.645770775445815 -0.631929486845745
-0.0281588657375026 -0.847045573783955 -0.814803086047004
-0.0152825444465908 -0.460707200975125 -0.469325751584819
-0.0313194055378064 -1.07363750374662 -1.00933782869387
-0.0242558599650605 -0.702571460595377 -0.749621566135389
-0.0249739150603187 -0.743822868250937 -0.797373906010022
-0.0173991928240342 -0.516870732523016 -0.507667821592403
-0.0128722933538273 -0.418164394596223 -0.404331592139577
-0.0329234108958321 -0.893349636732543 -0.939160706523419
-0.0222255674964188 -0.646457024510144 -0.630219583720241
-0.0230482567779845 -0.569711698282646 -0.581518252497892
-0.0160990579587256 -0.48216767988905 -0.474300900044521
-0.026859197127887 -0.671682596966248 -0.677672927498475
-0.0291454458552798 -0.81682100694276 -0.817542868492785
-0.0300437818955162 -0.798550108202642 -0.75247789953258
-0.0240618641152626 -0.654050328672805 -0.677541592575021
-0.0191761704038497 -0.569428634245993 -0.565032734309015
-0.0240974698739606 -0.695927224251479 -0.708843888439084
-0.0235309399843552 -0.794312971066548 -0.829155197785939
-0.0346666666666667 -1.13036370376211 -1.15386310230492
-0.02326342600127 -0.700733367569711 -0.734513767227188
-0.0345261424479499 -1.1287103966555 -1.09047428798074
-0.0231331764845059 -0.743727559186805 -0.78815085090174
-0.0296063616396373 -0.779091802021875 -0.740675017900129
-0.0350576002779357 -0.873901981452648 -0.926670731704125
-0.0178669473393198 -0.605190213301213 -0.542552936682056
-0.0340201670142284 -0.789921534571176 -0.772170059593912
-0.022977909232657 -0.596673986582522 -0.619097770090258
-0.0131054843437207 -0.362642743656738 -0.361738187708459
-0.0320976771121511 -0.752045524609163 -0.717746715207182
-0.0240070113057359 -0.675641162236237 -0.711819010471223
-0.0246383916065618 -0.728174392397691 -0.716458804699574
-0.034889739136734 -0.866288618959374 -0.936741990040977
-0.0352016478994271 -1.00354240895581 -1.07025751305912
-0.0221487455063965 -0.602099718916655 -0.617170510460815
-0.0184942955581225 -0.546948694863299 -0.584335649707255
-0.0281310291261985 -0.770968319821797 -0.788294679640335
-0.0383637175132409 -1.30693940860087 -1.35177272734677
-0.0388367673365085 -0.997489188178493 -0.961724924735799
-0.0187344343283324 -0.539204418967264 -0.547173450845092
-0.024024006089848 -0.675312966036922 -0.665759813926093
-0.0267564522850738 -0.694703290979426 -0.734950526748297
-0.0264328317885976 -0.742479096786463 -0.769682104401546
-0.0253550984722561 -0.751090793956001 -0.735204533477421
-0.030198144160585 -0.854371481492277 -0.844089410010711
-0.0382588197312886 -1.10446055983827 -1.07154581768916
-0.030685761053121 -0.896442023330189 -0.84558541276376
-0.028158689675863 -0.622718017196688 -0.638405346162468
-0.0239488029050573 -0.6092300789219 -0.596177100400019
-0.0278575109312871 -0.945241483015549 -0.916376656172568
-0.0321824253846027 -1.00943693956747 -1.03960850034786
-0.0276062855661211 -0.886621732694275 -0.82958891440362
-0.0307141263730811 -0.90850042691335 -0.96809292457544
-0.0240853818895364 -0.751601387432662 -0.76858493560661
-0.0275482890951158 -0.710681827755883 -0.720869594751544
-0.0244363863049384 -0.67590080444095 -0.657016241896818
-0.015511456650339 -0.418687532207748 -0.395979475549802
-0.0191676712043838 -0.513498721681443 -0.524581525021821
-0.0222824774367791 -0.657149141501657 -0.642964274069701
-0.0174784279863709 -0.469943531250785 -0.473706844952411
-0.0174107393482164 -0.60742036847872 -0.605988898531482
-0.0302373714149988 -0.759390085580607 -0.769197568846832
-0.0129676975226448 -0.390140663481492 -0.389564282528737
-0.025213953979013 -0.805872985023688 -0.813738122090004
-0.0361610947394853 -1.01873250650916 -1.02405719318061
-0.00879243413481066 -0.230457813121932 -0.23960490595194
-0.020293291855554 -0.686007491730776 -0.678030753064838
-0.0297323974972471 -0.942429009612691 -1.00566229490928
-0.0283860932686217 -0.817889081355167 -0.859879860234839
-0.0257564205664834 -0.657106673452881 -0.705873145106539
-0.0238232025049395 -0.684997733363735 -0.639690512445072
-0.0137523713085537 -0.377928242445174 -0.389132378118671
-0.024463909092702 -0.682458771992662 -0.649998889738804
-0.0280232538671136 -0.726664611547309 -0.747939096102576
-0.0284322437659427 -0.736455105867698 -0.767623806264439
-0.0223927440840466 -0.603522564066997 -0.618842607424496
-0.0282137171758149 -0.73106729760899 -0.731886709809015
-0.0250391573916186 -0.666298508680668 -0.652511288256548
-0.0303257288812557 -0.83417837585 -0.827178945613292
-0.0273734285507368 -0.841066833947222 -0.822176388585232
-0.0281036162185468 -0.773961250322128 -0.786647546953225
-0.0305924450146364 -0.872681112471051 -0.896916438464754
-0.0282861173678771 -0.904886988172463 -0.880756677582058
-0.0265047282515813 -0.721428484092471 -0.677022522781212
-0.0165981445651005 -0.44511874756915 -0.474544173933328
-0.0254795568588051 -0.665692242334444 -0.608326619190939
-0.0287459507064737 -0.831465721225663 -0.824727180373825
-0.0282334324543557 -0.70148458770025 -0.661570042270574
-0.0183708729826045 -0.501651556727066 -0.481616797052405
-0.0204041805891293 -0.627319730291011 -0.598169439617691
-0.0211789229099664 -0.590251857076526 -0.588275079869641
-0.0245398281317078 -0.639706433156916 -0.646203721785601
-0.0291772990877913 -1.16192786478245 -1.23478464593071
-0.0151846907540113 -0.381225271163625 -0.351491454677914
-0.00801123609775178 -0.265055747733482 -0.258455718265372
-0.0264640921686749 -0.747309328884367 -0.750852424197026
-0.0314536392082696 -0.822244649336634 -0.904821204473134
-0.0166234390948635 -0.442902432427579 -0.446775932944135
-0.0248204893840444 -0.773971871511932 -0.76646139723087
-0.024595187333205 -0.76306231234351 -0.834950688298922
-0.0227782590946335 -0.690889385445433 -0.689277551974336
-0.0271762172928258 -0.770214859318728 -0.772210605142781
-0.0199855708281203 -0.565675370710517 -0.565819817763082
-0.0327618772632843 -0.98256720644078 -0.952504156646742
-0.0328539675290342 -0.936772821467775 -0.852041260708996
-0.0251026530033577 -0.733680150010308 -0.746846770054212
-0.0176079928474268 -0.580321071111177 -0.565743908475673
-0.0187482382946408 -0.653668285181834 -0.597286782807138
-0.0247334725663123 -0.774701242798911 -0.769295962067349
-0.0137527271419099 -0.377079868359249 -0.367366290491338
-0.0298792020041201 -0.85479869922615 -0.834347888651849
-0.014861761559006 -0.446942303208389 -0.46692431177928
-0.0182079460135355 -0.593281088312427 -0.568501721698639
-0.0223795350102975 -0.670293329735953 -0.645538217135334
-0.0270242496682155 -0.75674156805451 -0.726771094727125
-0.0311629766600999 -0.856456951191389 -0.87007362717769
-0.021460630346053 -0.587299604677032 -0.629130963628526
-0.0217470916415739 -0.668655195963371 -0.642613855665422
-0.0229442568577161 -0.771790009173972 -0.752228437305509
-0.0371599655681386 -1.10519047229725 -1.06655594393261
-0.0227129621787831 -0.633444526163357 -0.622088650166597
-0.0264063480005759 -0.755307648290675 -0.732777649013282
-0.0330590614051076 -1.0112588612552 -0.980393786529241
-0.0222756276276686 -0.620263741407405 -0.586231299464713
-0.0234566846892724 -0.654771282990949 -0.65948940388238
-0.0185191796817687 -0.508011176724443 -0.469016762791322
-0.0251756027165947 -0.664608348064996 -0.648281272007921
-0.0238907981549277 -0.837075953226048 -0.900346988808993
-0.0308264313203843 -0.905077543874493 -0.9102720644913
-0.0386158808569627 -1.11775424225881 -1.0851579995247
-0.031042501481916 -1.16868852205193 -1.165643357103
-0.021974832920589 -0.718082078024957 -0.71138741716595
-0.0368844014037367 -0.85568344447888 -0.812732441431685
-0.0328038236921132 -0.989462410956224 -0.988593577291974
-0.0229663959680021 -0.623473553832131 -0.592685353946284
-0.0312660994274288 -1.05524621944537 -1.05904691441629
-0.0119762295216042 -0.34384723240888 -0.325409051023231
-0.0322517140848396 -0.833666834204084 -0.745396077192021
-0.0294883830790815 -0.865929707276295 -0.854660362076351
-0.0345785978942924 -1.05873292170621 -1.09387714174795
-0.0254378591019878 -0.738633727078524 -0.783427599798451
-0.0289966749935413 -0.797514420385403 -0.80295638227665
-0.0175866427490759 -0.483550820342567 -0.543755500847578
-0.0217616632047878 -0.592209520632316 -0.583065641719295
-0.0285947313781801 -0.728976272022289 -0.740133171657256
-0.0306230161942525 -0.762990656892713 -0.729394865837355
-0.0240538136050558 -0.727631902935072 -0.703051691824537
-0.0156882347404178 -0.486968032201778 -0.442115953577904
-0.0322012614663827 -1.19668372413788 -1.13199299348754
-0.0240720072060276 -0.82320288903001 -0.979787366652262
-0.0170753380410366 -0.494132908181829 -0.489659276425899
-0.027207519231793 -0.74196978497591 -0.771787029943273
-0.0144957614981255 -0.42725892156745 -0.437241075532109
-0.0299011041011134 -0.768947749301617 -0.786252374039828
-0.0222934361824394 -0.717399831741648 -0.701346104827416
-0.0237032315644595 -0.700886855573149 -0.660935885283058
-0.0108523450510424 -0.292181964933791 -0.314496653068489
-0.0160989215971027 -0.412007320413565 -0.404187515029328
-0.0137768190241677 -0.373654363231798 -0.387524847673336
-0.0288984124866766 -0.914274804983129 -0.887743800719732
-0.0218987582677218 -0.532588922113856 -0.540583499130958
-0.0204738217686885 -0.540269125713276 -0.547927659223055
-0.0272787396414119 -0.845552408820146 -0.761333007257867
-0.0240257978690568 -0.62265442842511 -0.603693496423233
-0.0237656682274213 -0.65617753994547 -0.663807129490692
-0.0280603781439049 -0.957960095977464 -0.888247376507157
-0.0183413972070094 -0.565122344012402 -0.636187394973185
-0.0162978942150318 -0.457750556191789 -0.414675652014953
-0.0223348039379836 -0.670453073279653 -0.701129530877057
-0.022865454881201 -0.590330546997609 -0.59571967619151
-0.0365952901981185 -1.11814022712001 -1.10606471964137
-0.0172874961196461 -0.520930069376474 -0.532890835237051
-0.0316622241582039 -0.885058063611489 -0.878951716239065
-0.0205329554475331 -0.622537836148855 -0.590369579963141
-0.0353738307298569 -1.05299143808441 -1.02168745110083
-0.0346224713628397 -0.86257481916146 -0.84334197463532
-0.0110091218910911 -0.271423635529957 -0.28221711292391
-0.024293097219183 -0.629669831176426 -0.635442507913445
-0.0252143383917669 -0.871787200159613 -0.835384879554136
-0.0197041244044713 -0.608181909665328 -0.601253198903888
-0.0249801859790122 -0.71336944241642 -0.702860930504381
-0.0302694028892683 -0.948162152848351 -0.974173847877207
-0.0296405854825727 -0.888103207659971 -0.925509861125682
-0.0241323742936441 -0.647381948656324 -0.722799106364483
-0.0242768178226251 -0.682690069468009 -0.715655315041322
-0.0200155769268779 -0.630783543739815 -0.707968550831238
-0.0248836336862658 -0.680419140078491 -0.724591061101722
-0.0331965015940265 -1.03392933769087 -0.991891166574518
-0.0287704222393235 -0.877045007514063 -0.857269842781552
-0.0254057411693726 -0.733800013406207 -0.762344653377417
-0.0235588131638763 -0.707067838123988 -0.691730617565669
-0.0230437053596913 -0.678355278060134 -0.684853945652078
-0.0242488448804122 -0.652708980433863 -0.622212091258865
-0.023127563928847 -0.825169999369196 -0.819867013985111
-0.0204718676546499 -0.586224590921814 -0.582383884312802
-0.028158006110063 -0.846024921236496 -0.844545296888588
-0.0204547651287075 -0.591110353422511 -0.576334048312808
-0.0197540641456752 -0.687569050612804 -0.65382164232296
-0.0335704544819708 -0.844072250480251 -0.797315661683215
-0.0277358792110222 -0.898655839117561 -1.00445604672507
-0.0240776116178045 -0.796642299178948 -0.818874199950591
-0.021065721601267 -0.585258558427883 -0.560294779823026
-0.0265421499778221 -0.798288618299443 -0.784350507290547
-0.0295439762193525 -0.815510747417415 -0.774162632764383
-0.0290356618455586 -0.814859922643138 -0.832810263825297
-0.0263785165423821 -0.879745173650761 -0.788422326104287
-0.0243833538137391 -0.658464351631001 -0.646041496747362
-0.0203524837676789 -0.559608815746431 -0.566448676252911
-0.0271654837749054 -0.880952875144482 -0.877603787067383
-0.0178353051722747 -0.522394316198162 -0.501811019421224
-0.0313010238657774 -1.00479735806944 -0.963689733169703
-0.0200263261215868 -0.596484889223609 -0.610769931263366
-0.0345947582262767 -0.827342112780603 -0.852543438524207
-0.0192199422338226 -0.545654107671054 -0.532913141082158
-0.0332108224725626 -0.895238422512631 -0.899318971436151
-0.033268590162039 -0.999285178277049 -0.98675037854143
-0.03125479707397 -0.759818346009819 -0.734474555918626
-0.0252673382414611 -0.686643735146942 -0.719439652664075
-0.0282828058758221 -0.960415196988429 -0.88345558945101
-0.0325165181541005 -1.00566836613412 -0.955247059345013
-0.0345971178918686 -1.02364997627639 -0.959331028257676
-0.0299878054860786 -0.906150522993939 -0.927693337824498
-0.0240770866112297 -0.810790837827474 -0.810950564889476
-0.027673309113398 -0.743711438227251 -0.799735008255455
-0.0284687149450548 -0.893907137870485 -0.896888756061967
-0.0200503326348723 -0.603208780456576 -0.621931734680016
-0.0178664808277636 -0.5624181822836 -0.533377463815399
-0.0224500456655733 -0.634902471220925 -0.672885883444488
-0.0212275959048724 -0.711645463618111 -0.754952342673308
-0.0295768611567146 -0.906749682590247 -0.879799261625676
-0.0289377862521859 -0.71386632505378 -0.729181162168232
-0.0206333697363318 -0.596570362420254 -0.592954678703257
-0.0282277459630313 -0.788533046284944 -0.804407027198322
-0.0285449062743435 -0.80507893224683 -0.838175139818148
-0.0194332360068622 -0.625885918060838 -0.579243724460751
-0.0216292394388614 -0.633854330318363 -0.660386816347975
-0.0290944674443954 -0.961624303058191 -0.893657041633086
-0.0245738902633211 -0.829512094789634 -0.760937947844428
-0.0246251914711279 -0.863534482288412 -0.863271601550122
-0.0294095027281562 -0.860516498282691 -0.92511708156669
-0.0194112473838059 -0.549990744808032 -0.509332504397298
-0.0319302400202024 -0.882016666199328 -0.854454852836932
-0.0215530459295825 -0.722174055258212 -0.69654083382731
-0.0266200564381354 -0.636739695229086 -0.587008495316145
-0.00805256474349597 -0.316156362311799 -0.293614145783461
-0.0319120663349443 -0.934852494099835 -0.866647024517017
-0.0288168891069944 -0.809652001075149 -0.800410927000981
-0.0271884871661625 -0.689589094224254 -0.669197116481961
-0.0211366813721778 -0.690118013563775 -0.665557492602365
-0.0298153713218595 -0.947032222062539 -0.87243614875468
-0.023118987313598 -0.619773550105125 -0.571629308556588
-0.0329432887250509 -0.857792141504971 -0.866927606364359
-0.0231406205474415 -0.836735949738619 -0.797613903253274
-0.0322132054463087 -0.865049098809733 -0.848750904188242
-0.0403536579955869 -1.14217514540586 -1.14546855634883
-0.017409242618044 -0.500169664229607 -0.552148720932015
-0.0214913904269362 -0.632407935317612 -0.623306859141703
-0.016436893169656 -0.522651527317221 -0.585442580617324
-0.0305 -1.02780783655005 -0.988203030877179
-0.0186997133058058 -0.725937245550223 -0.681159428318606
-0.0324204801804893 -0.880764646881556 -0.851280316354686
-0.026701873991323 -0.83179946845449 -0.787457353678982
-0.0283313962337563 -0.739846226697046 -0.752519229478636
-0.025645747999015 -0.856201298073277 -0.932354412812896
-0.0230636297224725 -0.610896008933109 -0.608790900101271
-0.0302283473540916 -0.96407282617553 -0.96513639895276
-0.0104951119582794 -0.347494961883221 -0.343795281703653
-0.0298130498401906 -0.97975825907064 -0.89249089208522
-0.0103716136302022 -0.328123418352515 -0.299757950160508
-0.0268237668035941 -0.84571872676401 -0.862342056574809
-0.0241593648644233 -0.678749097952925 -0.671806203368586
-0.0341775649989573 -0.855363121150796 -0.851917369119099
-0.0208888132705203 -0.535703527974749 -0.554164184111237
-0.0246405779350899 -0.709248336618275 -0.668892777041084
-0.0208747105120402 -0.699030746310924 -0.81220035784683
-0.0378696130916408 -0.982581183151313 -0.919634108507843
-0.00962521851943065 -0.283384955467896 -0.295251411071287
-0.0292973018949168 -0.812350296843857 -0.792052172160324
-0.0146385899738872 -0.438460738332745 -0.397772098553112
-0.017478104834082 -0.536646229342514 -0.507186272099911
-0.0250757480985204 -0.708551960244564 -0.721856132984606
-0.0191080807997943 -0.499502597267429 -0.489802550625016
-0.0189400512695075 -0.529470160027622 -0.491251355283705
-0.0259747598510064 -0.819103413670838 -0.807336902683702
-0.0225473151445736 -0.73022924014903 -0.715025195223554
-0.0146528263029853 -0.417439393011613 -0.428741309569959
-0.0175837833031864 -0.529696305061155 -0.54616030883767
-0.0231324225346836 -0.782068602058305 -0.755229390145937
-0.0241621608884124 -0.691752381467345 -0.661555669262831
-0.0274001751370268 -0.779544656978041 -0.73687299732137
-0.0259932041897429 -0.790374682732717 -0.762936535830557
-0.0226918831368736 -0.579289743408369 -0.575252776217007
-0.0160462409864982 -0.414973431608543 -0.41478758035726
-0.0287072898676091 -0.79221139486735 -0.721761775381089
-0.0288892615965102 -0.921242445530598 -0.933262062390482
-0.027034545880399 -0.878137111778985 -0.853187385174343
-0.0318403062531247 -0.780083265616804 -0.78692438191289
-0.0182754467419827 -0.511429937344316 -0.524772744129361
-0.0370418590861086 -1.03801596814179 -1.08870448167906
-0.0228510774203126 -0.669487101955796 -0.645671800366249
-0.0243408353990846 -0.674595917835382 -0.665320542099852
-0.0144568413181688 -0.390693282179865 -0.405310796694084
-0.0298597534710137 -0.876038198658991 -0.834166833031039
-0.0246505643272626 -0.723040313722254 -0.715248505481041
-0.0350224105763074 -0.946662783024767 -0.912189077118201
-0.016267902585606 -0.374602016937641 -0.368213303445207
-0.0250254161761896 -0.665965274816114 -0.58750486256967
-0.0252169584704578 -0.687142844120404 -0.703873507978102
-0.0317084175723328 -1.07289108723221 -1.07502057504426
-0.0208870695199938 -0.561106166887131 -0.541956074631777
-0.0295083307424767 -0.918840740547696 -0.896784376949559
-0.0152906371604552 -0.366214227484408 -0.345131352798051
-0.0246890344365716 -0.575152874379289 -0.583354313307037
-0.021442322104207 -0.59809949718109 -0.618293260426458
-0.0244581563483857 -0.737328251081174 -0.743268159432124
-0.0209761252799899 -0.559654006746735 -0.559442493672659
-0.0381124936488082 -1.17266983343643 -1.11290817441058
-0.023547208959667 -0.705252181597826 -0.715846977791117
-0.0204342638032753 -0.554915440293936 -0.577202169751206
-0.0281522556062748 -0.861538795691153 -0.824778940433982
-0.0240685496306384 -0.595462361266638 -0.543473557123489
-0.0194789135842033 -0.549157230837967 -0.554327663843269
-0.0196377375783252 -0.645542873394657 -0.650909185832479
-0.0252879082631638 -0.722082267250251 -0.72077428039101
-0.0344467416023353 -0.968510840090915 -0.981077947176061
-0.0304549513772863 -0.922378233353793 -0.886407533225335
-0.0233505194039702 -0.737456333070647 -0.67139316282548
-0.016837107819263 -0.527381542618592 -0.481466320582455
-0.0252516931527561 -0.774305515492197 -0.787067114776783
-0.0272973630687463 -0.861460946247991 -0.861046219343893
-0.0253601787103056 -0.736646035825535 -0.732425453476926
-0.0161147454286239 -0.434676671434481 -0.426907181390847
-0.0184128921041508 -0.525157380653907 -0.505074109471773
-0.0150850943444425 -0.56215863336239 -0.528352643338986
-0.0289243235325553 -0.830895613096579 -0.853985589993909
-0.0223776596290547 -0.570707760075871 -0.551367316631952
-0.00963361071512818 -0.291939431388318 -0.270689009034739
-0.0186054583302406 -0.594651039496843 -0.589481258918253
-0.0255899256138538 -0.709032078539479 -0.693601320972661
