LMM GLMM GEE
-0.0197947922181037 -0.0242959407638054 -0.0185691668214361
-0.0303569605400497 -0.0260022265678317 -0.0286653724698197
-0.0153748315337155 -0.0144343091405249 -0.0149114933051137
-0.0120178576108597 -0.0154634225204651 -0.0125262358339797
-0.0117819658990306 -0.0140139366724456 -0.0123662040257815
-0.012469788653722 -0.0120863520007138 -0.0119304190523986
-0.0215206459105778 -0.0217923906853943 -0.0233234683786336
-0.0154840907414211 -0.0143857519865104 -0.0139264501968265
-0.0233193238906185 -0.025401211894044 -0.0231774091352365
-0.0218955659675266 -0.0232954370883448 -0.0217824534694067
-0.0190135382474377 -0.0228316783204213 -0.0198473493089213
-0.0208974070999845 -0.0210126559475482 -0.0201972551494014
-0.0199192376046605 -0.0220003045367836 -0.0199862160839432
-0.0165636087999178 -0.0190996327405014 -0.0176760216891914
-0.0264672394467664 -0.0261718253168121 -0.0253844590811156
-0.0258747276609774 -0.0260295118335063 -0.0258414369579111
-0.0290767934960534 -0.026761032951042 -0.0281072618130163
-0.0267806530884906 -0.0209598281892451 -0.0264593729020486
-0.0269467687391285 -0.0195174336548585 -0.0269608734684728
-0.0149774915680304 -0.019312671281458 -0.0147208458591783
-0.0240171091613989 -0.0253941506845346 -0.0235358424125088
-0.0348673536919293 -0.0320386836734444 -0.0326262281715336
-0.0156713105076484 -0.0172209412568179 -0.0159696413517898
-0.0316239186225818 -0.0291317789013069 -0.0292556924684437
-0.0223319742736056 -0.0217665264313921 -0.0205566935700036
-0.0152764819214304 -0.0130867200605746 -0.0162371792846463
-0.0137492328443118 -0.0165184420771579 -0.0151514796383617
-0.0104243769439037 -0.0100903895326181 -0.0109488911428582
-0.0193012229921472 -0.021052114858288 -0.0192250762828824
-0.0133651487735192 -0.0190337412150631 -0.0138077968535737
-0.0202324912683398 -0.0163359557723626 -0.0190763949363349
-0.0263268909707232 -0.0272386224157871 -0.0260157750526742
-0.0283105101279224 -0.0277751148038949 -0.0315595202615677
-0.0174839871832616 -0.0179242969712171 -0.0169384687216877
-0.0142015567505919 -0.0136686696453051 -0.0122566752926361
-0.0152714541591983 -0.0153541050489356 -0.0161614464696357
-0.0188811804761948 -0.019242074611406 -0.0190241272069826
-0.018766083459795 -0.0211907073984737 -0.0167911583839337
-0.0171579618586362 -0.0118016584946691 -0.0171300283982986
-0.00854382967955742 -0.011862102316411 -0.00845989413672591
-0.0185439976781418 -0.0204476778849926 -0.0203873768562159
-0.0286364090203981 -0.0301726056561351 -0.0290792510654282
-0.0241521639728297 -0.0222571790368804 -0.0249549452334542
-0.0202909983783966 -0.021042660624212 -0.0201214551611233
-0.0243911578142181 -0.0205912341740332 -0.0249925924870686
-0.0279370448727377 -0.0230114290446953 -0.025586410955289
-0.0255126110136032 -0.0270673920061057 -0.0257362352366643
-0.0186354327411984 -0.0157273498568134 -0.019168694088721
-0.0105050730312717 -0.0117058127361209 -0.0100620036408078
-0.022677361419785 -0.0225617615425914 -0.0211528314581648
-0.0223172233909963 -0.0192399628780494 -0.0202941885174356
-0.0282399862790487 -0.0267148841186506 -0.0297287230751272
-0.0156551010870652 -0.0210351100778184 -0.0161999704168513
-0.0227904561139712 -0.0196134349313439 -0.0227901282923723
-0.0234910258342083 -0.0224752512496019 -0.0233249667490231
-0.0333567016348205 -0.0292012444390809 -0.0298452638878713
-0.0226759650054714 -0.0227341104991722 -0.0223990426394735
-0.0217723047873336 -0.0210807171754434 -0.0224437162669998
-0.0155383628841361 -0.0171252949146411 -0.0148820582151968
-0.0196081205907098 -0.0244103641183102 -0.0202780086104094
-0.0225625271862157 -0.0220542515834539 -0.0218273730734442
-0.0217637131944201 -0.026340758850216 -0.0216086535670262
-0.0189860033813592 -0.0226095805134284 -0.019995036239168
-0.0218546724928573 -0.0196963959131614 -0.021905455943528
-0.0122505200878328 -0.0177168896817881 -0.0118059912432443
-0.0185497963726994 -0.0182177112385935 -0.0179480243143085
-0.017663340325697 -0.0210839842763045 -0.0206355121026308
-0.0247354852031033 -0.0297680148211995 -0.0265543264210383
-0.0216703698041669 -0.0252349940954516 -0.0212770295131714
-0.0164726148470341 -0.0164130717987194 -0.0160088499763661
-0.00502729854102189 -0.00821512677178276 -0.00375342956538422
-0.0190613171801509 -0.0190539189422449 -0.0175921164255942
-0.0256015048235142 -0.0256304886637067 -0.0256147362938939
-0.0225314909950996 -0.0242160080053416 -0.0222536635995591
-0.0207665307937821 -0.0168960158103131 -0.0196183179982893
-0.0082658325732545 -0.0121179463415194 -0.00901381755936449
-0.0242150785027379 -0.0268177289897109 -0.0233886245703003
-0.0250844587421903 -0.0201412135467859 -0.0256484957297095
-0.0192563736172474 -0.0186215432670949 -0.0198995431703657
-0.0254489494324629 -0.0211057201124171 -0.0240579952259077
-0.0279542792774175 -0.035558541852484 -0.029153441584866
-0.0126079827735374 -0.0104595188590162 -0.0125009046519086
-0.012871243976141 -0.0166558443645116 -0.0133656591861547
-0.0154803307826578 -0.021145078740905 -0.0159651173091761
-0.0244533636102421 -0.0232518106871448 -0.0252383533624412
-0.025726460751806 -0.0273147336593244 -0.0246782762046726
-0.0160451098634425 -0.0163723095243413 -0.0156255096362165
-0.0231382842816668 -0.0213927563235773 -0.0231800945023531
-0.0245685156673546 -0.0231829317653531 -0.0237499617407342
-0.0273144103400032 -0.0266660089330115 -0.0275579515444247
-0.0249711174045528 -0.0190690327326661 -0.0265276702056952
-0.0144648239079917 -0.0191989646488533 -0.0158876474640547
-0.0192925186444691 -0.019551224358844 -0.0175932808894476
-0.0169941975878994 -0.0198529122576597 -0.0160766905768836
-0.0305630779823575 -0.0293244019490396 -0.0307426986346006
-0.00727820183124072 -0.00814459760155602 -0.00686881425954297
-0.0153599914365729 -0.0124209074042083 -0.0146135340686244
-0.0293676071182008 -0.0275784859350138 -0.0301087774252752
-0.0257728757246582 -0.0261639557680163 -0.0249343625926779
-0.0232687891612171 -0.0219902520877275 -0.0220365436647262
-0.0231685429701281 -0.0228599700827353 -0.0216894734257777
-0.030718013494737 -0.0295935200884856 -0.0310568205024722
-0.0222032337374074 -0.0203186692812426 -0.0215749401348249
-0.024061087166297 -0.020913641535611 -0.0231860844796168
-0.0224364194103884 -0.0200715478293819 -0.0239748391642435
-0.0151832029125991 -0.0144735642889206 -0.0143268083207582
-0.0168786993556382 -0.0167792708652118 -0.0167034290577448
-0.0295599890769146 -0.0333839345173253 -0.0314984850224343
-0.0132852714829175 -0.0108713675794064 -0.0139278527400679
-0.0288860700259548 -0.0303520591505056 -0.0274327104161465
-0.017121388504656 -0.0152058349340131 -0.0169298677793665
-0.0197690102196591 -0.0211941878348042 -0.0190351347767047
-0.0216627805128859 -0.0202905383497905 -0.019927835948493
-0.0305701584525794 -0.0309824369979072 -0.0297092241916474
-0.0200531855004041 -0.0185825101011027 -0.0191061839466344
-0.0166604863290515 -0.0191561882625367 -0.0149059754129978
-0.0271704558548102 -0.0249607672216279 -0.0282264830160136
-0.0164019315649962 -0.0177957316249663 -0.0173208492477327
-0.016581809106962 -0.0180759086247655 -0.0160872343629661
-0.0241211700597848 -0.0233361520781736 -0.0241493108110205
-0.0185148614727465 -0.0192886590048095 -0.0192373724793397
-0.0178558051514104 -0.0195431552396117 -0.0179407704222987
-0.0138747863682694 -0.0153544156291358 -0.0140869809801082
-0.0159114996067772 -0.0192375731797703 -0.0165273040922116
-0.00886987885011516 -0.0122546699916058 -0.00897314138576561
-0.0178163829935689 -0.0190186592762243 -0.0179879461583203
-0.0211088106522073 -0.0198839016141155 -0.0207043103213871
-0.0110132048907885 -0.0114255910284429 -0.00997558096538645
-0.0359151523489201 -0.0396524960150256 -0.0332321207512216
-0.0191206088900303 -0.0195975041228988 -0.0189728522422602
-0.0321281050314012 -0.0258906914154535 -0.0327750807818066
-0.0207929974950984 -0.0239077356319264 -0.0202037057273404
-0.0353668755063164 -0.0386262448483729 -0.0369950946094877
-0.018365820018321 -0.0196695521311717 -0.0188230914470264
-0.0199753244421905 -0.0190199875001214 -0.0196694700792109
-0.0155947104992885 -0.014679264453917 -0.0158073274825896
-0.026562828258088 -0.0253917211511636 -0.0266225939699689
-0.0167938183014552 -0.0172370564812654 -0.0170080493587632
-0.02612832197619 -0.0270434656276076 -0.0260901356363694
-0.0149127171861644 -0.0128760630423016 -0.0140697445818785
-0.007923337257086 -0.013210002014337 -0.00790875614974766
-0.0218407001376197 -0.0185126117468308 -0.0225109555046111
-0.0184295646166186 -0.021380638924951 -0.0195386920282937
-0.0188015689780191 -0.0184500374655389 -0.0182177298235824
-0.0174640883449732 -0.0201821924817444 -0.0176727171773226
-0.0237297922264628 -0.0202302042669436 -0.0241771430504511
-0.0238139969695202 -0.022687533526313 -0.0226319462403227
-0.0139149121515501 -0.0180518497990827 -0.0150274836779882
-0.0161621173750005 -0.0205413876122637 -0.0155097505507624
-0.0165748118686703 -0.0147374677647495 -0.0163898466110666
-0.017140198416554 -0.0199927316649203 -0.0176287454606244
-0.0146780838024675 -0.0134988972736459 -0.0147576622614167
-0.0166928308540409 -0.0184011208359415 -0.0163530479508847
-0.0162396520765474 -0.0173880245779326 -0.0167154488385689
-0.0195427749513736 -0.0204277196877878 -0.0195260018184159
-0.0159098278593087 -0.0182754199269172 -0.0179731032502659
-0.0203167034884637 -0.0208967779250954 -0.0203608737824296
-0.0243992719907568 -0.0235573554851586 -0.0232616465432972
-0.0159430030388573 -0.0180744446031579 -0.015922225513611
-0.0242046469797676 -0.0242593220528193 -0.0246792044652395
-0.0247293277649525 -0.0265921229679579 -0.0256261958603133
-0.0333555924605679 -0.0313542446272592 -0.0344680903596208
-0.0154780742313022 -0.0158837237616006 -0.015564866818937
-0.027994589325406 -0.0271448445159447 -0.02839354738414
-0.0141195747047196 -0.014599654002397 -0.013897427979587
-0.0254559294272009 -0.0251832926942049 -0.0250316731689644
-0.0277713852861698 -0.0268307226961882 -0.0274966605250032
-0.0163340435220458 -0.0176447715739652 -0.0157358589572636
-0.018518428537252 -0.0183516854750121 -0.0191567857768442
-0.00634972898103356 -0.00626935244823063 -0.00603863981412016
-0.0154420287743518 -0.0200034108617595 -0.0150481231061564
-0.0167999823535672 -0.019207050366723 -0.0178568813539024
-0.0201915156027666 -0.0198489565848004 -0.0199006473754439
-0.0290617767382087 -0.0291470016875188 -0.0291494754104873
-0.0175754502562791 -0.0177138359132677 -0.0183910430333239
-0.0183672733751458 -0.0189894924632313 -0.0189550303024946
-0.0127880931106311 -0.0135469352980383 -0.0119919105872631
-0.0169842278973843 -0.0140977773045925 -0.0185187306605277
-0.0226146815596739 -0.021753110089368 -0.0210346429989494
-0.0332431147200138 -0.0306729525246962 -0.0320060446408695
-0.026932091628828 -0.0238356445817525 -0.0280990703624811
-0.0234169682999853 -0.0205350734619052 -0.0231399094421261
-0.0241341855976606 -0.0249846004946114 -0.0241842478477205
-0.0270089500252913 -0.0268783015383847 -0.0259034656929309
-0.0203633318011367 -0.0204939307047261 -0.0191188847063505
-0.0329976388482453 -0.0286948538281848 -0.0308553611651734
-0.0211549333142995 -0.022901826968918 -0.0217136836173369
-0.0201063783760828 -0.0206399902921934 -0.018786967535226
-0.0129102165064113 -0.0120758032212852 -0.0119177960486697
-0.0162162028423145 -0.0162854459215602 -0.0155683097405363
-0.0260786046856189 -0.0296382321410408 -0.0253300728000813
-0.021664405324012 -0.0190033277091028 -0.0222901082683326
-0.0211726623534222 -0.0238460704980111 -0.022564617232712
-0.0284533469821773 -0.0275520734335678 -0.0290075545403792
-0.0240667564394672 -0.0219225628531332 -0.0228801117019016
-0.0219772124469572 -0.0230183954556218 -0.0211983281823076
-0.035857114950048 -0.0372189222359555 -0.0363336407715412
-0.01415639815064 -0.0157740786855405 -0.0144557909645883
-0.0209672581293036 -0.02015432210892 -0.022237712724105
-0.0120457536293398 -0.0088766318412874 -0.011827700436414
-0.0283680815689523 -0.0288098857314685 -0.0289908849755628
-0.0270917848787424 -0.0253023321702913 -0.0264034720658978
-0.0252802391103549 -0.0248499574973983 -0.0242940292066142
-0.0240772891252289 -0.024396729832604 -0.0242043349845914
-0.0226199643175976 -0.0242575004124908 -0.0225705247871254
-0.0151405411727494 -0.0207832647285206 -0.0152132448766619
-0.0138886614376402 -0.0166015957385517 -0.014233580890493
-0.0253666605628288 -0.0222422464662411 -0.0256810051534053
-0.0230895085845963 -0.0229127131853123 -0.0222105321980988
-0.0288484767898875 -0.0248416715100716 -0.0295714044470401
-0.0245719152297658 -0.0261317681039677 -0.0234858052540073
-0.00527408864592461 -0.00722330985382603 -0.00598870669009118
-0.0194833253359763 -0.0192304057649689 -0.020240686673639
-0.0219176741058481 -0.0234622637603381 -0.0220373502729418
-0.0272252854320081 -0.0264017112132193 -0.0268911361755021
-0.0214395411892305 -0.0202701289841756 -0.0218716638677636
-0.0203432753469884 -0.0223249429947051 -0.0213025944961749
-0.0278279261513287 -0.025426656775353 -0.028477060886137
-0.0184684326541194 -0.0182031810844307 -0.0189057407978782
-0.010074627519553 -0.0121433526558516 -0.0107075503500165
-0.0222667784961325 -0.0236415523101432 -0.0225506508009503
-0.0302619912998989 -0.0305641733131848 -0.0290791428967788
-0.0191115822764491 -0.0227876147382217 -0.0200841723363177
-0.0216623475342411 -0.0210395814024424 -0.0209335806131745
-0.0144076384460731 -0.0110316933515172 -0.0152224671799172
-0.0330485187928125 -0.030491094172497 -0.032231530738977
-0.031389020625747 -0.03231290327614 -0.0320863324451059
-0.0224119488352863 -0.0200750761820327 -0.022850242742833
-0.00735554668969955 -0.00897957266642644 -0.00783778874002431
-0.017985247350608 -0.0153789200144313 -0.0171726898918884
-0.0147942109248598 -0.0165874930115401 -0.0142366366304594
-0.0209940072235386 -0.0231739369524358 -0.0211977956762578
-0.0160490183805523 -0.0199649918057882 -0.017038238051216
-0.0209082833576002 -0.0162691302360181 -0.0202312291305779
-0.0221550458901093 -0.0186436128068135 -0.0208203399261536
-0.0189142006814312 -0.0192464514509867 -0.0192691253724922
-0.0236241143009475 -0.0231354586813093 -0.0240633204267645
-0.0140265453711223 -0.0142075934997984 -0.0135019505837238
-0.0230797218673193 -0.0231410980679488 -0.0234854262264398
-0.0249270834098533 -0.0242815353815879 -0.0251353536265372
-0.0164399586439462 -0.0159430077370751 -0.0162665483481934
-0.0136731665249557 -0.016329135005545 -0.0139091278414684
-0.020624502907595 -0.0185004723555096 -0.0211101300608944
-0.0259706152785233 -0.0272959160475611 -0.0263999860090775
-0.0319256127444409 -0.0300368121541655 -0.0335247276893542
-0.0126990204388766 -0.0170726273236322 -0.0136675093391572
-0.0159755276965737 -0.0134984035817363 -0.0151825521059068
-0.0181783769279063 -0.0192116697939049 -0.0190464813191031
-0.0109420592062784 -0.00942805055946917 -0.0129575184988719
-0.0340757121273585 -0.0349805499910998 -0.0365937142170598
-0.00521124671791194 -0.0103921399541499 -0.00536957221708051
-0.00967612362101831 -0.0146070916067718 -0.0101828552849171
-0.0164756249275031 -0.0164201784950908 -0.0161308726348705
-0.0186446318603239 -0.0222372512013291 -0.0206453687229279
-0.0244524152843753 -0.0280940657078952 -0.024109427993909
-0.0102956704241962 -0.0108353529125686 -0.0101748743198086
-0.0298664345258557 -0.0293989423461312 -0.0316040084341734
-0.0274927088923625 -0.0249804973810711 -0.0282275088205221
-0.0137642040835466 -0.0141722606695511 -0.0125262436754087
-0.027780745212722 -0.0300935264077318 -0.0277081269760995
-0.0160350278918531 -0.0166071091128961 -0.0166904453092309
-0.000769049873679891 -0.00420725123084671 -0.0033113823030917
-0.024404341163601 -0.022790620705757 -0.0253788768941953
-0.0171836696295728 -0.0143430394863157 -0.0162023358882381
-0.00715910417558547 -0.0107636924186041 -0.00777272251993546
-0.0202866950500668 -0.0277035082598421 -0.0176337810408524
-0.026690102463583 -0.0220254466450352 -0.0284019002799594
-0.027886380027204 -0.0259939872617123 -0.0258048469476546
-0.023949026203576 -0.0210937365571618 -0.0230689886931619
-0.0127786771949035 -0.0139696097157364 -0.0125998614385096
-0.0175493975285882 -0.0211085336957826 -0.0177634794431389
-0.01397440253371 -0.0152544301300411 -0.0141042146435809
-0.0244036633215767 -0.0196966236824525 -0.0235648609314183
-0.0302773155663339 -0.0285710573932663 -0.0301149093841271
-0.0293727598257415 -0.0294364254728549 -0.0299160003380209
-0.0124643985883434 -0.0135626141966674 -0.0119599709569677
-0.0223204574597478 -0.0208055482189056 -0.0219611443192723
-0.0179029786525227 -0.0176791752882987 -0.0167083586140768
-0.0195842575410872 -0.0195373871431434 -0.0187496717159679
-0.0244187486887844 -0.0230273545338293 -0.0225586507257326
-0.0119478328503488 -0.0135360197071969 -0.0122412018498756
-0.0173827980168603 -0.0172414986287049 -0.0178823189078232
-0.0224242276769899 -0.0233018821774531 -0.0232658102258458
-0.020339987101262 -0.0179439790686571 -0.0207021420326949
-0.0164889875688053 -0.0199430630947385 -0.0171223020705604
-0.018780453896477 -0.0203765028194051 -0.0183974250000959
-0.00975269309989065 -0.0141368608898198 -0.0104035134868121
-0.0138456912796863 -0.00948989470476567 -0.0143600189469518
-0.00773172265704149 -0.0139463025495241 -0.00877392847708885
-0.0175369596425813 -0.023092464784712 -0.0168231574813634
-0.0146857821808242 -0.0173255601604875 -0.0149481138720763
-0.0249783557164928 -0.0262195924927479 -0.02375684760265
-0.021870148527864 -0.0254641832634626 -0.0238906436996262
-0.0201277797654659 -0.0166873054906527 -0.0209463919748541
-0.0155303317623288 -0.0172345765851089 -0.0161337263858328
-0.0245830298525521 -0.0266858996036915 -0.0239634303764406
-0.0169189502377652 -0.0153216963562114 -0.0167264208962886
-0.0192218388293467 -0.0190508733819899 -0.0194283301067262
-0.00445541091127058 -0.00363213211670592 -0.00427888261834508
-0.0158333333333333 -0.0141699178352005 -0.0157308592027227
-0.0134835412240778 -0.0127510714901689 -0.0137269077356039
-0.0171263736175262 -0.0149560732605954 -0.0170751674863999
-0.0163076292917683 -0.0175049241401117 -0.0167514980978986
-0.0254514894661823 -0.0228371008387489 -0.0249373852600538
-0.0230677604718516 -0.0231264953635368 -0.0232345257719084
-0.0211510369480628 -0.0195687513429761 -0.021022967855933
-0.0195338545029459 -0.014030547296096 -0.0182980473490726
-0.0271486949790914 -0.0194283709497802 -0.0264014267590864
-0.022732318519207 -0.0253653717897798 -0.0233778761193262
-0.0187782532937118 -0.0182243602844365 -0.0190097503052535
-0.0125720375186988 -0.0146052490176915 -0.0124870088603687
-0.0179892582740922 -0.017909825518586 -0.0164512223860521
-0.0225114853592453 -0.0229897687505973 -0.0198364740312386
-0.0198546675367476 -0.0219799924596003 -0.0206759352711039
-0.0200770534875014 -0.02315528590891 -0.0207955631466345
-0.0196567637109119 -0.0200692936934279 -0.020740604611299
-0.0240294353736138 -0.0242362952678595 -0.0225069298077286
-0.0210120900965718 -0.0192649336779175 -0.0207443528768773
-0.00291740002758417 -0.00522932389713462 -0.00253621984037497
-0.0199238689088815 -0.0221759287140529 -0.0198338429854743
-0.0295138727539131 -0.0329818595542437 -0.0284216482538586
-0.0141257380650211 -0.0129424290292396 -0.0148873789063004
-0.0258747768192005 -0.0238314068504588 -0.0262978394483197
-0.0210510268845068 -0.0217277199337782 -0.0214824902683919
-0.0126344308070641 -0.0158469711712155 -0.0127158271806741
-0.0227772748573545 -0.0283862623352388 -0.0200243103482477
-0.0245643776317886 -0.0250117214211654 -0.0244044654030357
-0.0175658945679617 -0.0190792727940767 -0.0190083107251254
-0.0209524830432789 -0.0259829213077437 -0.0216812990887753
-0.020684268247248 -0.0210426118281829 -0.0206387551140676
-0.0274651471987217 -0.0264672148452439 -0.0267504357152511
-0.012465463587032 -0.014209728836908 -0.0129206011482482
-0.0239795003591714 -0.0234239859566412 -0.0247649139601617
-0.0255233488284739 -0.0249191376075325 -0.0268481374766836
-0.0079815018607549 -0.0112030991483169 -0.00688648004778441
-0.0223412011553426 -0.0221833629398615 -0.0202746704663223
-0.00521045065338062 -0.00522829053060369 -0.00505846130808332
-0.0158538274288614 -0.0215512808537742 -0.0158763428528927
-0.0231150149952621 -0.0214574585711608 -0.0227831510593704
-0.0225978315407404 -0.0264924629906121 -0.0252016210874719
-0.0161567257311107 -0.0164384216026727 -0.0153380757222871
-0.020440374792402 -0.0185523081286914 -0.0208310659729781
-0.0151329636355801 -0.0189321594646787 -0.0157558249751754
-0.0139873364878165 -0.00959539321487382 -0.0124028303378063
-0.0154906256826995 -0.015297985394306 -0.0154342549396634
-0.02018228333388 -0.020267791838232 -0.0203985884387804
-0.026305142985881 -0.0246609855021261 -0.0274476343087955
-0.0169799416457168 -0.016977602069572 -0.0178866647411022
-0.0220090018166176 -0.0222296776863024 -0.0230680275449768
-0.0287801420516367 -0.0297101627479828 -0.0313323558880611
-0.0238363937737106 -0.0203963581707922 -0.0213231241044376
-0.0240186345735096 -0.0259503089984084 -0.023828073813119
-0.0114566245511442 -0.0147054577132429 -0.01137317173103
-0.0248751570901072 -0.0255291518920289 -0.0240049755282884
-0.0270255465296738 -0.0240364156450438 -0.0273390159618663
-0.0268450024015319 -0.022374339592397 -0.0273393022373879
-0.0286996427625401 -0.0305278469636605 -0.0273542234298138
-0.00911749128853094 -0.00959298767657234 -0.0090637587863836
-0.0175063920589046 -0.015547307191036 -0.017882340271803
-0.0131917396954656 -0.0147788797225036 -0.0109783653997431
-0.0138636425175823 -0.0128696137833571 -0.0147153896529107
-0.0174799688950456 -0.0160129131211825 -0.0175373447583249
-0.03587984978889 -0.0339617206193841 -0.0343358222615084
-0.026262803128511 -0.0274416142244314 -0.0271575775964408
-0.0237009813791527 -0.0279719766830907 -0.0239886018292113
-0.0191072100582368 -0.0198779915517115 -0.018411314393596
-0.0173481770053313 -0.0187166903124931 -0.0173895413782265
-0.027287202827375 -0.022963426492568 -0.0258282333526049
-0.0123190602099634 -0.0123250689794973 -0.0117463122484102
-0.0289953742438516 -0.0308015925882023 -0.0316921518269999
-0.0184816115288292 -0.0146339669080943 -0.017871264655401
-0.026693024887758 -0.0239821805328424 -0.0252503868912189
-0.0251927061342282 -0.0233393793632386 -0.0252416832694647
-0.0243065776684377 -0.0242162357410613 -0.0259051438459758
-0.0218291605717256 -0.024040885626503 -0.022274245735167
-0.0191739183937057 -0.0231356109577001 -0.0183442695241806
-0.0338536193351455 -0.0266669334260252 -0.0342539161103403
-0.0167295888066173 -0.0235434938941321 -0.0182356237648221
-0.0145725061476642 -0.0163411887441815 -0.0147240746347097
-0.0250537553040489 -0.0246337057718367 -0.0276099985682467
-0.0172290476655909 -0.0198039668671371 -0.0168874456466061
-0.0288369391643024 -0.0335335472052999 -0.0296616233143409
-0.0110872950329387 -0.0128610098748199 -0.0125357461945412
-0.0307171927434891 -0.0280313187424514 -0.0286668530981193
-0.0158594847576027 -0.0146634586752798 -0.0164486417371546
-0.025157404338738 -0.0213337581571511 -0.0260886014363888
-0.0227213011679635 -0.0232793142477648 -0.0232028768420625
-0.0251763657260047 -0.0228590231028165 -0.0240157380390546
-0.0198231058985747 -0.0225974282150847 -0.0190671921383789
-0.0151869958769259 -0.0180184062530793 -0.0155558525108201
-0.014316193837708 -0.0189458698933217 -0.014782016701766
-0.0209648076203442 -0.0131014423726895 -0.0198633243307345
-0.0149993138813526 -0.0190530212638448 -0.0146728224757015
-0.0192257855567457 -0.017509381111464 -0.0191603602292566
-0.0207404402455488 -0.0217246431138749 -0.0201939902453005
-0.0138104003539834 -0.0131763371224406 -0.0144620637397438
-0.0272227881080536 -0.0283634547575555 -0.029092007849602
-0.0237927063338536 -0.0262467192592949 -0.025646251858424
-0.0209337862357739 -0.0194315184086697 -0.02132945674423
-0.019442136239168 -0.0193231314327282 -0.0180792353052407
-0.0236124338423489 -0.0250621992156662 -0.0250914100349239
-0.013666924619057 -0.0135357680945736 -0.0145209330407561
-0.0158366146894224 -0.0159741387353072 -0.0155500925443322
-0.0153869421780083 -0.0157314162235591 -0.0143903868289668
-0.0271324958800364 -0.0247676185602773 -0.0278446887616794
-0.0279813286683287 -0.0247167674519314 -0.0282008952110273
-0.0204747206218955 -0.0186121693521121 -0.0194303156686494
-0.0234184559128228 -0.0205003439968037 -0.0222026165225893
-0.0242970236160088 -0.0235297417585541 -0.0233016526980586
-0.00488968591855785 -0.00693813453455962 -0.00393734892412075
-0.0189107918848675 -0.0213640885021041 -0.0196153213918267
-0.0204444519123797 -0.0185559430318031 -0.0195117715953737
-0.0245509652672468 -0.0272834192272537 -0.0247445241227537
-0.0236811945056483 -0.0253468139522062 -0.0231728356712339
-0.0317181993495982 -0.0307775455128888 -0.0320134732364248
-0.01024476991058 -0.0110582393781385 -0.0108722108538315
-0.0116361362979238 -0.0153465362949447 -0.0119272087729577
-0.0117624511137924 -0.0131971712988192 -0.011832702760547
-0.0194309368368373 -0.0212002610518276 -0.0184732468679836
-0.00774736542188693 -0.0108782296567073 -0.00742091032161699
-0.0271537679927282 -0.0266600046538402 -0.0273358230701508
-0.0271861379964708 -0.0266054956762446 -0.0258400930935705
-0.0143001060042804 -0.0182291659518088 -0.0146016201099926
-0.0183826931089411 -0.0178666408731321 -0.0172379325294685
-0.0217205406661785 -0.0219824044406979 -0.0217803221537074
-0.0276928457020887 -0.0265054930296486 -0.0267553471056967
-0.0304551174675972 -0.0276463709537735 -0.0307356986633241
-0.0229781492557025 -0.0231172650860123 -0.0218175540895161
-0.0220706496611858 -0.0233602755644028 -0.0221966228550211
-0.0212436509214196 -0.0198316692100884 -0.0209525095454936
-0.0229046285081568 -0.0231694092194814 -0.0239898620227299
-0.0201742285010229 -0.020416083366077 -0.0206292681238615
-0.0255851297592024 -0.0210746696261825 -0.0267857829380249
-0.0223772837638026 -0.0178639990218953 -0.0215968640964347
-0.0138319062301823 -0.0184024351853287 -0.0148019738690406
-0.0195450613202491 -0.0200369916024205 -0.0189619549003425
-0.0203576435181981 -0.0202951654326829 -0.020680567385938
-0.0218491947921028 -0.0225766408047742 -0.0217972290792963
-0.0169795593540851 -0.015729341959097 -0.0179625812779458
-0.013407407242832 -0.0111210484598428 -0.0123395794795355
-0.0172535166533319 -0.0195165625030241 -0.0161416541252616
-0.0174834119386705 -0.0216634222631539 -0.0177974709420605
-0.0194913068912113 -0.0208345784230574 -0.0211171928037204
-0.0137157736892974 -0.0122044143411713 -0.0137035446634294
-0.0181809210591107 -0.0209682999005722 -0.0190276867034078
-0.0255646884635396 -0.0258149308637535 -0.0266114718095253
-0.0141737328003702 -0.015364958437558 -0.013794386586463
-0.0211485820524269 -0.0195084100821612 -0.0207171204087218
-0.023071670309027 -0.0220682884293844 -0.0222982540159697
-0.017781919981901 -0.0156860763719844 -0.0168197745335184
-0.024134592002636 -0.0239198195511071 -0.0238922770255467
-0.0235675888215204 -0.0213357830474623 -0.0237502076256183
-0.0237137758794803 -0.0245105179151156 -0.0225220383060221
-0.0182004278696093 -0.0220816716197852 -0.0189091726507703
-0.0179147662813388 -0.0224048471659192 -0.0178670484070437
-0.0194305752328907 -0.0190921738586324 -0.0195467386461929
-0.0271667785105195 -0.0282602757244211 -0.0282614095580506
-0.0158762358387115 -0.0189836489719692 -0.0164565020717097
-0.0176051142873092 -0.0189196766849126 -0.0189320832213069
-0.0199629380214272 -0.0180133535648145 -0.0198224279770766
-0.0261709886274005 -0.0275060985605722 -0.0277547280764239
-0.0150562794944166 -0.0182588702261217 -0.0150563165742874
-0.0186691567352202 -0.0230835060988057 -0.0194897626149582
-0.0167297687401834 -0.016787457483953 -0.016261962095897
-0.0168944422981276 -0.0208882901630845 -0.0180931760282466
-0.00856040604551123 -0.00962188081107325 -0.00924470472969411
-0.0260315098613364 -0.0280841073280296 -0.0268939533544718
-0.0216270461262038 -0.0219204219414023 -0.0226960380329238
-0.0144726761016254 -0.0165996906382238 -0.0136872150761855
-0.0107793822607609 -0.00812013151762546 -0.00887336565556732
-0.0285003210822423 -0.0253951731803486 -0.0272685814645158
-0.0188682336285715 -0.0190139704142103 -0.0195675883448368
-0.0298797632586421 -0.025866219403249 -0.0293570588980013
-0.021001720196583 -0.02178625831537 -0.0207873638630945
-0.0249060035060715 -0.0256032521686732 -0.0271828227502251
-0.0192045723655008 -0.0222287647522184 -0.0194271612548258
-0.030478704851146 -0.028278435627904 -0.029173938070028
-0.00945185862916994 -0.011158664743915 -0.00915717975200581
-0.0190414348182936 -0.0206892555385158 -0.0194641758374457
-0.0203791939637036 -0.0212904811142511 -0.0206701804065836
-0.0168590986065459 -0.020948892874634 -0.0165857595988142
-0.0206896255036953 -0.0257713402016874 -0.0204338463258379
-0.0224056863236664 -0.0214182706393306 -0.0221515495400013
-0.0198677633056913 -0.0225626297623236 -0.0201223495756545
-0.0261629227879196 -0.0269000677918249 -0.0263969642138236
-0.0197202466509227 -0.020183060506435 -0.0205722533003823
-0.0201968835807494 -0.0163750092750686 -0.0208232899219474
-0.0211310882361194 -0.0188382807022583 -0.0218641566576599
-0.0145326922999381 -0.0151455227385636 -0.0142970659284729
-0.0254920335651308 -0.0223068747933542 -0.0244806944317405
-0.0074086946894858 -0.00840952186297802 -0.00673695009216559
-0.00640702807783132 -0.00482515248573522 -0.0054152123013429
-0.0152485055316164 -0.0150923847798722 -0.0152886101955231
-0.0175093267265985 -0.0187184612127971 -0.0181365635753728
-0.0219821826782697 -0.0252476591046694 -0.0213504679678134
-0.0356055315013014 -0.0303488259845403 -0.0380148426842518
-0.0191725424608837 -0.0169318902123482 -0.0204124664007393
-0.0183545414266587 -0.0185465899417722 -0.0177965417785907
-0.0261706990965805 -0.0266726764610834 -0.0264835356784042
-0.0194768138241703 -0.0174619696767182 -0.0184754415473048
-0.0182656885004079 -0.0187232535052833 -0.0179678003671276
-0.0235067984166329 -0.022887077376368 -0.0231316876878954
-0.0189263924341323 -0.0204568897964353 -0.0199234929247724
-0.0262347070744188 -0.0258573643510868 -0.0256306823984191
-0.0158168708567925 -0.0191202228372441 -0.0158626770149035
-0.0171916251818953 -0.0159351159831579 -0.0157530123673702
-0.0308526357465778 -0.0287730928412698 -0.0307413267195689
-0.0185872339087647 -0.0211389476719777 -0.0187993998627279
-0.0204739471498896 -0.0191015037103567 -0.0205017788214489
-0.015957328223253 -0.0194532599534483 -0.0169005191987944
-0.0199487949742734 -0.0206786803944211 -0.0193881030687152
-0.0138368981434578 -0.0170447448368156 -0.0146251869692593
-0.0193148734896688 -0.0229372023351884 -0.0199480643480262
-0.0133704876053205 -0.0152296647449286 -0.0129000582814506
-0.012405746531101 -0.0155080799890324 -0.0132977676164223
-0.0198516088163734 -0.0185705444232377 -0.0212823485096398
-0.0206799048802058 -0.018424940804145 -0.0201385647720959
-0.023781580109359 -0.0288738543799035 -0.0238748976769888
-0.0218071674647902 -0.0238043457353196 -0.0225325282224867
-0.0256790080613674 -0.028297497026437 -0.026542186636626
-0.0184528341319866 -0.018080759149641 -0.0187221282418169
-0.0164636582931123 -0.0196949202485458 -0.0168354212734035
-0.0155789888184744 -0.0148620637241873 -0.0151595743571387
-0.0118752548437994 -0.0178749229989736 -0.0121233857454292
-0.0243123893960354 -0.0263179039441113 -0.0239497840092588
-0.00925741665687926 -0.00835889516585919 -0.00935792299732625
-0.0141637058063722 -0.0128992112105296 -0.0137249899672635
-0.0239302745371568 -0.0245093126537494 -0.0232663352346341
-0.0234142928643096 -0.0244997132261819 -0.0260382910840998
-0.0207684166422639 -0.0214209895082534 -0.0217451027102039
-0.0154191936965729 -0.0214807645824268 -0.0155061031845367
-0.0174662585856591 -0.0151977127492314 -0.017255213783881
-0.0251750111992822 -0.0281527341154677 -0.0264654624017475
-0.0247451563884376 -0.0227988532542372 -0.0252444692189548
-0.0184629154001112 -0.0208979964267077 -0.0199551947423225
-0.0173559427224774 -0.0204993404311323 -0.0159204909153781
-0.01648509578044 -0.019665655500266 -0.0153504949728306
-0.026577319054507 -0.0275284326402359 -0.0258921074597907
-0.0179512954587788 -0.0198409692920945 -0.0180541633889604
-0.0272004487479546 -0.026315276229313 -0.0286280830746202
-0.0167719654147214 -0.0166571941724159 -0.0182611123200088
-0.0221309494539796 -0.0232426252780285 -0.0211805120101406
-0.0135006485748546 -0.0177015524881305 -0.0140834349758598
-0.0105911113483751 -0.0143454429017191 -0.0133728300778384
-0.0344889296304436 -0.0326089066201398 -0.034787045718374
-0.0134052909058985 -0.0174058764231916 -0.0126707285822234
-0.0268132197205755 -0.0231607055617219 -0.0260793991080679
-0.0279769091808192 -0.0285119825862119 -0.027308482374893
-0.0136765741280087 -0.0211612796310358 -0.0160287486690181
-0.0204119545198708 -0.0228242660192892 -0.0199984158206266
-0.0169868788068636 -0.0192734626942738 -0.0179107110745458
-0.0173592304777423 -0.019263897051048 -0.0165252140977614
-0.0234212461296621 -0.0202923973981562 -0.0237467406682154
-0.0298893073184923 -0.035687122087545 -0.0313680532952845
-0.0269919005177805 -0.0271217200050937 -0.0256536237506541
-0.0278780425380789 -0.0280211883007287 -0.0271351048811676
-0.0205157738935366 -0.0231672759942972 -0.0208373016585073
-0.0138034910488623 -0.0159540448606797 -0.0131957425202811
-0.0108897484491292 -0.0115785176805863 -0.0115415218326044
-0.0196982571066972 -0.0216156162304745 -0.0193712717817894
-0.00942936231940291 -0.0104960672926085 -0.0101064802915292
-0.006766466315374 -0.00639913396142122 -0.00658992589364104
-0.0278743715045217 -0.026797062348909 -0.0273031829050076
-0.0201584820278411 -0.0175497016601832 -0.019260786296212
-0.0205159776132025 -0.0227206684367716 -0.0200049003270859
-0.018222554245628 -0.0184849019718653 -0.0192542119298825
-0.0202848831300702 -0.0223424314307179 -0.0207781054612656
-0.0293439074036921 -0.0277210177675826 -0.0297847810119144
-0.0213778620903465 -0.0219841249995941 -0.0218002500155131
-0.0195487842266251 -0.0238611309194963 -0.0195697127699036
-0.0255120060143281 -0.0203190510458935 -0.0257077313613371
-0.0168562643850048 -0.0196678327771889 -0.0175240342346986
-0.0337762346054749 -0.0246890994620218 -0.0321314594733333
-0.0331349316380321 -0.0325789605515625 -0.0336332323028694
-0.0232287393838855 -0.0252593548670656 -0.0239057169951426
-0.0219836449168311 -0.0227733749784386 -0.0233042734149971
-0.0132452173687556 -0.0119677386069352 -0.0133990258246297
-0.023086281783537 -0.0205405361691481 -0.0220497671897823
-0.029731740320436 -0.0298878764083611 -0.0322825062337321
-0.0159066779795451 -0.019484529634686 -0.0165040400971991
-0.0153502942830785 -0.0164992152406716 -0.0159350199876164
-0.0209080581282529 -0.0193952480267548 -0.0209554913335043
-0.0221049190687204 -0.0202349474859512 -0.0199291966668349
-0.014689019036213 -0.0159203806245513 -0.0159159021879027
-0.0300232296559281 -0.0283470708413574 -0.02943527256752
-0.023631075347433 -0.0256849274873567 -0.0233173811725142
-0.0137572565524771 -0.0156624174977556 -0.0132650155219231
-0.0146633457068465 -0.0125821153915132 -0.0149911424479923
-0.0259032130749638 -0.0266907820199233 -0.0278707062335904
-0.0265387750484596 -0.0268000602084634 -0.0268999752072959
-0.0185795727070063 -0.0185772595093948 -0.0193431776408976
-0.0146199526249636 -0.0188740033377848 -0.0162521926438499
-0.0175898139476219 -0.0205345421500741 -0.0189563755452861
-0.025940151182265 -0.0201862141306017 -0.0249614239847985
-0.0182148847532023 -0.0179967719026852 -0.0179362038019879
-0.0159622572462086 -0.0183658802747562 -0.0161052188211957
-0.0227956775246351 -0.0200717485518097 -0.0227769284199981
-0.0228764324257585 -0.0236817387331828 -0.0229005794097647
-0.00784840943279396 -0.0115240088241538 -0.00794026534825833
-0.0234166270787068 -0.0232431980886568 -0.0234633571602456
-0.021363588809773 -0.0209011693256303 -0.0222943454042046
-0.0306411380376605 -0.0264469761419033 -0.0288045474428555
-0.0123952313833618 -0.006709031873653 -0.0119895357622866
-0.0210341026860121 -0.022448470700076 -0.020628356789509
-0.0162665061211948 -0.0165980234649029 -0.0159574648461356
-0.0185576282047315 -0.0240839399358301 -0.0189790393167854
-0.0179268466402199 -0.0228828489770625 -0.0186745352010213
-0.0144882585293981 -0.0149052631238134 -0.0142789408826808
-0.0165876185063352 -0.0161562774468894 -0.0159503522184618
-0.0299945265983891 -0.0254841687600133 -0.0300278663058899
-0.0172699072992472 -0.0153263557627317 -0.016129974414084
-0.0204274658931268 -0.0215740707353682 -0.0196462632181856
-0.0175083947617831 -0.0194068814474877 -0.0162092866602946
-0.0256944628877603 -0.0207777733135709 -0.02501458098952
-0.0356289749655432 -0.0349365957656872 -0.0351830875477296
-0.021566515349359 -0.0239738158255428 -0.0208278701448864
-0.0225922853313167 -0.0262501604593715 -0.0231027085836285
-0.0135972488142477 -0.0114195639158119 -0.0132418934594686
-0.0198489214994639 -0.0194101676858141 -0.0195713563113397
-0.0189081986176769 -0.0237744216807829 -0.019560752643471
-0.0197455182862866 -0.0186428924033724 -0.0205433163542807
-0.0112587420065717 -0.00995662403757183 -0.010755201647412
-0.0112881779271468 -0.0104738531044957 -0.010927966395531
-0.0126688025173167 -0.0127982545905674 -0.0132817078965311
-0.0320636368480078 -0.026646357846771 -0.0331766492366471
-0.0276039506533191 -0.0251873503684504 -0.0265503063415293
-0.0249476742372642 -0.0206530476019351 -0.0255430713881252
-0.0238642873186811 -0.027187168773477 -0.0254579494895506
-0.0190545312314543 -0.0188764610617669 -0.0190122110985871
-0.0139145795895589 -0.0182975652967055 -0.0143373575982848
-0.0242244244188351 -0.0199898493425186 -0.0226306572743247
-0.0149054195216852 -0.0206516112066279 -0.01543598850782
-0.0253438272168853 -0.0235176227203734 -0.0245497963309758
-0.0239618531170868 -0.0217679532328449 -0.0214401581928234
-0.0196926196809229 -0.02035490197226 -0.0206130559999734
-0.0215015513252097 -0.0228880903242713 -0.0195686716776393
-0.0213640561526057 -0.0218378971162281 -0.0226072864071762
-0.00712306665018361 -0.0138135181267591 -0.0069932944045584
-0.0244226900587758 -0.0225624688325512 -0.0230296434279907
-0.0247124681022396 -0.0229987832826033 -0.0240534946817205
-0.0174673728414079 -0.0193125115791829 -0.0170303482499313
-0.0225710112413305 -0.0214745667701304 -0.0237118438022378
-0.0291597585220286 -0.0280126512863593 -0.0292813414241196
-0.0248969925930257 -0.0212011059523948 -0.0242799382482237
-0.0162180437042836 -0.0166316644671654 -0.0165771509427023
-0.0175903328955848 -0.0199278148579283 -0.0170522434484717
-0.0217123216806849 -0.0207034353583671 -0.021384258915031
-0.0354006960060581 -0.0348962156838721 -0.0343364148168247
-0.0369848439552993 -0.0329278418979482 -0.0350078621948071
-0.032527310346404 -0.0315227241299762 -0.0320397804862784
-0.0218649240757864 -0.0239128030819944 -0.0235875259973361
-0.0131729109776571 -0.0141917648281398 -0.0123269567691345
-0.011515033919979 -0.0128504509518935 -0.0132108763969931
-0.0267386276043649 -0.0268493274771411 -0.0265993165077867
-0.0228004845413922 -0.0216843856827216 -0.0208039624275054
-0.0179762562115734 -0.0194501735218812 -0.0182678111296325
-0.0224520186127476 -0.0219570009386356 -0.0224865280987355
-0.0195745354624715 -0.0150726270433079 -0.0193362914320983
-0.0172573679602523 -0.0190164644712808 -0.0174472719832895
-0.0183011531401383 -0.0120435730429063 -0.017789943895395
-0.0226681347353981 -0.0226474395301466 -0.0224024941229807
-0.0108263380903681 -0.0125533820221877 -0.00983643673871527
-0.0251190886000869 -0.0231736122770986 -0.0255413711672214
-0.0114182600074196 -0.0153459199364466 -0.0129749106000556
-0.0197753498587388 -0.0128906102279349 -0.0196451624543053
-0.0140820209071092 -0.0170242095122473 -0.0147566746724341
-0.0148106987206046 -0.0148287215641296 -0.0152154155326172
-0.020677317379269 -0.0198657227186789 -0.0198395989742164
-0.0270621621064218 -0.0269315100077686 -0.0273102823408183
-0.0346436965059467 -0.0308611429665584 -0.0334154398674726
-0.0185246210794714 -0.0201777828946444 -0.0186450853101549
-0.020606190610591 -0.0168151159474254 -0.0213070651638846
-0.00912423295777488 -0.013501417427931 -0.00914406642280914
-0.0212561589678129 -0.0191353446301311 -0.0215682180558916
-0.024952252464162 -0.0287716929618273 -0.0249020827271739
-0.00775168869024822 -0.00604849970551708 -0.00763767243664857
-0.0158114077956015 -0.0168054025908247 -0.0160508409871802
-0.0174345264898522 -0.0186790567430089 -0.0180087138897696
-0.0222989729428269 -0.0188453029541469 -0.0214650106310835
-0.0254559638493499 -0.0250320035593099 -0.0265111921510904
-0.0215458331634078 -0.0246704328004426 -0.0212916619590291
-0.0231264719371771 -0.0212245571305114 -0.0232986704169194
-0.0129702714277021 -0.010436228639758 -0.0130293088550713
-0.0204468490461555 -0.0197140566498777 -0.0202953318739831
-0.0199211089209739 -0.0233540969425771 -0.0200920830905002
-0.0211123302413766 -0.0221884191937087 -0.022141673593572
-0.0268579138180408 -0.0311361781537181 -0.02666801814744
-0.0129500829748849 -0.0135333413188287 -0.0125813398953392
-0.015296257301539 -0.0165023816179608 -0.0160614100953642
-0.0158792113220939 -0.0171232955704232 -0.0157998850583917
-0.0259152197434193 -0.0256672923296852 -0.0252518681944622
-0.0165329524900506 -0.0152193282792225 -0.0166108420269543
-0.0136096120739413 -0.0157420829019569 -0.0131704581509419
-0.029 -0.0298526232505478 -0.0278815998773022
-0.0303674013392366 -0.0291329640929743 -0.0290566823719759
-0.00901101603723258 -0.00905706079742085 -0.00901262508650406
-0.0250112525703492 -0.0254362261324886 -0.0258532779094824
-0.0130252572003147 -0.0122272879866298 -0.0126198106449617
-0.0200298795607341 -0.0184560273014298 -0.0195258875160521
-0.0248058563000805 -0.0239623598812815 -0.024956632965873
-0.021839253164057 -0.0224043931712205 -0.0222544826330853
-0.0183669656394911 -0.0192918998130102 -0.0177959862265052
-0.021 -0.0216956753805497 -0.022237028539767
-0.0158819879705621 -0.0187694672474719 -0.0169374965735614
-0.0143927124784943 -0.014844518411093 -0.0149185034106807
-0.0174014078656562 -0.0180162141223622 -0.0168471435917578
-0.0180519128782599 -0.0188949334215204 -0.0191048432750372
-0.0215579949627178 -0.0246606501457845 -0.0207598652939835
-0.0250367506343097 -0.0273198872567542 -0.024663461284675
-0.0133623225970753 -0.0131319676472321 -0.0118458724802227
-0.0181575143007937 -0.0158888209701436 -0.0175946572883841
-0.0246629176676515 -0.027024188581863 -0.0241040394739708
-0.0119085674642878 -0.0174318039902466 -0.0119420211019941
-0.0133228318378849 -0.0146633165453466 -0.0129288017703759
-0.0249006087494698 -0.0248258706064146 -0.0246882393080054
-0.0156754185875599 -0.0129277749467426 -0.0155504122632816
-0.0161516477521815 -0.0204295326237885 -0.0169558220168779
-0.014390826173637 -0.0176207821077372 -0.0143145567495642
-0.0265 -0.0282981137632615 -0.0264003262723804
-0.0232657216951615 -0.0235637790864752 -0.0228779324051389
-0.0246269322404113 -0.0232404036114968 -0.0238762124969577
-0.012464840246795 -0.0180087091509941 -0.0134552737731319
-0.0280924990140075 -0.0302227751363333 -0.0303043254451554
-0.0131420798012751 -0.0118431327606195 -0.0142810231625495
-0.0173333716425845 -0.0132553259820075 -0.0161949481514953
-0.0140257115581759 -0.0170744605857721 -0.0146049798035179
-0.0214525362340064 -0.0224762894127301 -0.0200608945704313
-0.0206036171335764 -0.0191904715282936 -0.0201953635484091
-0.00310874279734312 -0.001966219385775 -0.00320055060922685
-0.021104298118163 -0.0197386919570382 -0.0207423702334476
-0.0193431892359171 -0.0188454525631924 -0.018064361141169
-0.0300215192609795 -0.0276017290940292 -0.0319135959826035
-0.0221124226188628 -0.0233782565937174 -0.0238708357214332
-0.0214860691680474 -0.0245998278587605 -0.0211858983373943
-0.0209649584042607 -0.020434021124237 -0.0208100987838233
-0.0082478817166796 -0.017299745282364 -0.00804175995647721
-0.00377351531288688 -0.00521208250105825 -0.00351748809119199
-0.0267078880974233 -0.0261525378100533 -0.0246689481771941
-0.0182368820268853 -0.0192908885657412 -0.0181605552446267
-0.0235142322555167 -0.0259415885992888 -0.0238949297049601
-0.0222943854243218 -0.0226510135867953 -0.022208885282195
-0.0205194433717818 -0.022600465702101 -0.01939952325753
-0.0146615471031685 -0.0124430697107991 -0.0153759441921663
-0.0263251860237587 -0.0275185481852566 -0.0254126670520959
-0.020838285419406 -0.0201542019590122 -0.021374207548809
-0.0100517716724401 -0.0142953206547847 -0.00927429724418972
-0.0228108627546025 -0.0252796946509275 -0.0230521042112987
-0.021294477040488 -0.0186243207998028 -0.0216485141169384
-0.0197097719235997 -0.0189034559778756 -0.0177190527353599
-0.0187383878983991 -0.0200223433972801 -0.0200097919004073
-0.0151993067525153 -0.0188551925675943 -0.0162053617283334
-0.0231241895282336 -0.0214220357784807 -0.0215176056283839
-0.0224252980238024 -0.0257059812682715 -0.0219509691756203
-0.0201292677884499 -0.0169257868545482 -0.0169084861339251
-0.0167376994517051 -0.0211457773232007 -0.0178302958625469
-0.0207761073035264 -0.0243220621191416 -0.0211156302520762
-0.0156904389320982 -0.0219679216210735 -0.0159945570064291
-0.0207046938846206 -0.0164260311160684 -0.0194918653686119
-0.0180066197969899 -0.0197875900303262 -0.0185679615947958
-0.0137023725313795 -0.0134163724077869 -0.014306838168855
-0.0207500645147011 -0.0194532370822409 -0.0211678048609443
-0.0184062713542398 -0.0224617218729905 -0.0183237979241562
-0.00705429432606838 -0.00904625329868821 -0.00773831654354871
-0.0227881674465746 -0.0225315649101029 -0.0219066567039005
-0.0114807156293809 -0.0129744991894832 -0.0113126097305856
-0.0264265221089795 -0.0254177230619936 -0.0275344089669442
-0.0216047457782493 -0.019241666362786 -0.020421539975187
-0.0256161004946932 -0.0275717669718936 -0.0248697215311641
-0.0222998352199267 -0.0237616874997734 -0.0227187606125893
-0.0268575743392842 -0.027245533751941 -0.0283196428365502
-0.0196915105214528 -0.0187670562260166 -0.0190957410655716
-0.00899405715757773 -0.0120009569193033 -0.00923101496057713
-0.0222972779127688 -0.0257831009879746 -0.0225452905046025
-0.0213302122758815 -0.0192221479389496 -0.0196155851368434
-0.0286852614547155 -0.0252134942517123 -0.0269762825231387
-0.0231975629311574 -0.0253052310792783 -0.0220735150669565
-0.023346538402858 -0.026172507523437 -0.02284772668347
-0.0129133955963326 -0.0182078257718447 -0.0152982428583524
-0.0267933817465507 -0.0239993138620413 -0.0271368104333109
-0.0184517444682595 -0.0196496710310951 -0.0189421146116149
-0.0141022055910638 -0.0146377059433004 -0.0142340983936616
-0.0176544021336972 -0.0218853424272144 -0.0178104746777339
-0.0259060678049795 -0.0275168238219764 -0.0266772543817485
-0.0256789682803107 -0.0254057827177521 -0.0283407515837285
-0.023482558040936 -0.0203837099734453 -0.0228198948993608
-0.0168710728969583 -0.0155793059508158 -0.0167919243185523
-0.0251784744474192 -0.0197309411856178 -0.0251483508745052
-0.0303426126977065 -0.0280264258239772 -0.0291848135873861
-0.0102828809429331 -0.0154523445503417 -0.0104911744969948
-0.0216962680373421 -0.0260886984603054 -0.0221479078888229
-0.0258576538441015 -0.0247812532273407 -0.0254900653996771
-0.0318389259143351 -0.0292027804477382 -0.0316447715194115
-0.0209655641468626 -0.0194374397960697 -0.0226646908049461
-0.0203866966209984 -0.022835671222661 -0.0211004700238874
-0.0239833817996069 -0.0237525434665451 -0.0232003011596241
-0.0152075222990542 -0.0168662903612785 -0.0156110373469941
-0.027186646461476 -0.0264506980257178 -0.0277173088647178
-0.0151210358714662 -0.016786593261321 -0.0152413480267051
-0.0150012336563028 -0.0120325221723454 -0.0146216629795114
-0.020391064003107 -0.0214089269546425 -0.0195711928147239
-0.0136149626198189 -0.0211176805896578 -0.0144003827774178
-0.0220865940461878 -0.0206702931141338 -0.0220199919135234
-0.0163560056151903 -0.0144748811858233 -0.0165244597679558
-0.0206933304070953 -0.0221396147805324 -0.0184253078121852
-0.0183230614521203 -0.0215337894687833 -0.0182966268996609
-0.017011891652119 -0.0172041911149942 -0.016361467465323
-0.0241430044252827 -0.0215684574772258 -0.0225827031294971
-0.0254759779411113 -0.0220809585678833 -0.0250745563665593
-0.0222137364125743 -0.0217599593004058 -0.0225969458799215
-0.0192129959490606 -0.0212127969402918 -0.0195665287364282
-0.0222706404044899 -0.0225351291567168 -0.0220594856877103
-0.0188959460288889 -0.0198914887188801 -0.0194713754974046
-0.0121025921985658 -0.0145576407090877 -0.0122497074882937
-0.0224334561687957 -0.0213787467435491 -0.0200864075321256
-0.0312100059208784 -0.0277720507917081 -0.0307587724420218
-0.0196591281414592 -0.0200729436486671 -0.019462916286607
-0.0258440409484837 -0.0276930031788301 -0.0257894564491888
-0.0247825595894776 -0.0253408397008058 -0.0246349441685512
-0.00599262102036439 -0.0125357610616844 -0.0064480210600806
-0.0188464709910952 -0.0223425337556615 -0.0189496147805508
-0.0301211232146885 -0.032048606413706 -0.0339789447892187
-0.014185667674934 -0.0158152376650272 -0.0141191253332208
-0.022467652890344 -0.0240116236684924 -0.0232292871656135
-0.0144759428616548 -0.0170095290983461 -0.0166860094149187
-0.023132781348027 -0.0259392686726914 -0.021745096528894
-0.00977676001603893 -0.0126227108668314 -0.00857578673033492
-0.0230611298574338 -0.02659955711567 -0.0221542789929849
-0.0260008597952738 -0.026069812766438 -0.0242724382325094
-0.0183734790808207 -0.0220064255024992 -0.018275469572962
-0.0166354720842619 -0.0184174344256578 -0.0154601567887572
-0.0193420433557375 -0.0203868357071779 -0.0184424316557515
-0.00679672145492167 -0.00568297042216636 -0.00684491172960981
-0.0179093550826167 -0.0178734267070942 -0.0178396787138877
-0.0224999261271219 -0.0230134410183667 -0.0228016081889488
-0.00527939325819878 -0.00715836753453252 -0.00534004867147903
-0.00945255175100627 -0.0119948327890814 -0.00970146782447754
-0.0248664795450454 -0.0240859513122724 -0.0265822520772722
-0.0263561574575923 -0.0296211305740209 -0.0259839543029824
-0.0220429456165926 -0.024765703359102 -0.0214969750588059
-0.0273073530678238 -0.0280668895267431 -0.0284290311066133
-0.0141912789309438 -0.0134759902921733 -0.0146539410831706
-0.0206117919670792 -0.0249880415010793 -0.0197151634208096
-0.0158359018073553 -0.0132322208992269 -0.0148477544857521
-0.0235988374727789 -0.0225975405673619 -0.0221365491052482
-0.0113759855764833 -0.0135508699492514 -0.0136282555960792
-0.0192979147055812 -0.0224812556597773 -0.0186709684577886
-0.0125823117502762 -0.0112137093269659 -0.0121587516826803
-0.0128271555594198 -0.0139666179722238 -0.0130832147606351
-0.0172789042054799 -0.0175438950956409 -0.0169539172642201
-0.0204751136763109 -0.0237278302847134 -0.0210149205271724
-0.0114546931970381 -0.0145595144128049 -0.0110675243785711
-0.0242243758181166 -0.0244865417484127 -0.0232347535536394
-0.0145936191511303 -0.0152982871100509 -0.0131984681021612
-0.0130545565586634 -0.0160035212120017 -0.0134693104744865
-0.0168747839117561 -0.0145782825708548 -0.0170109514135217
-0.0287484566538288 -0.0254047568634479 -0.0284273668509289
-0.0165634472124333 -0.0220198512465445 -0.0174067324527063
-0.0235204604341475 -0.0218285088735205 -0.0223108894639888
-0.0199860800689039 -0.0220120302031904 -0.0200989556546798
-0.0192687995576568 -0.0212781370922417 -0.0181252875974713
-0.0173787597766709 -0.0172834870371002 -0.0175774578185099
-0.0216874949010724 -0.0214250116608024 -0.0207378897435685
-0.0291438883711806 -0.0252621994273844 -0.0280711172670365
-0.0233106593180994 -0.0224228169325315 -0.0226614703151372
-0.0160032094719198 -0.0119910782650031 -0.0154391270763068
-0.0285389591882364 -0.0268035762856434 -0.0286236341744238
-0.0264984922106601 -0.0221346280545598 -0.0261250522571075
-0.0307331106725402 -0.0325760715207695 -0.0306014990800338
-0.0161448223404972 -0.0191293624183858 -0.0158062973246238
-0.0238238043268158 -0.0248808749985979 -0.0243757745508373
-0.0174533616946919 -0.0207971478574059 -0.0166889948186575
-0.0189428846035473 -0.0167669178417968 -0.0178159167210243
-0.0178222853518502 -0.0204301830916796 -0.0189225537828054
-0.0217401429440601 -0.0182794749333245 -0.0214583023904875
-0.0273730077595217 -0.0246624458740682 -0.025106362287894
-0.029808710841485 -0.028659627249388 -0.0305428228738851
-0.0191921613244964 -0.0278411694291114 -0.0208873300388314
-0.0246509961808964 -0.0239088901285526 -0.0249411970040977
-0.0194600905877557 -0.0171328905991364 -0.0198851869686566
-0.0166514939381862 -0.0203870101279834 -0.0176363205853342
-0.0223731995246142 -0.0203784416414177 -0.0212421869790223
-0.020767315426957 -0.0222351351870554 -0.0207471509177605
-0.0274880710059753 -0.0289438479821493 -0.0295369506966188
-0.0114332567204382 -0.0115448951650551 -0.0105453254311142
-0.0269429071454206 -0.0251481789928832 -0.026389146845965
-0.018976691235741 -0.0204172401919626 -0.0199146237837172
-0.0227046398890157 -0.0224329592282884 -0.0224540750621444
-0.0203935604710749 -0.0191971645730311 -0.0204762393373482
-0.0221983200727561 -0.0218041327867518 -0.022868517946186
-0.0216036549445901 -0.0203530069538366 -0.020694299796242
-0.0105829802737022 -0.0171012592686685 -0.0112885843072842
-0.00176166773389617 -0.00292882553931014 -0.00149418092652908
-0.0216565310921964 -0.0234984820564315 -0.0211960752700361
-0.0293644350426355 -0.0274907102039174 -0.0308407837448024
-0.0205155436944008 -0.0190844476087828 -0.0202086919092212
-0.015147235821769 -0.0157112079859214 -0.0141682740092696
-0.025004114944634 -0.0247894825691174 -0.0231118595169015
-0.0220129130047474 -0.0193031873333684 -0.0209990960566732
-0.0269500782177979 -0.026814819796749 -0.0266042733467043
-0.0150664145663358 -0.0173979763989656 -0.0140442497449713
-0.0165619918996838 -0.017759392397168 -0.0177671070827831
-0.0173459457415972 -0.0208586248282946 -0.0170597272814834
-0.0142968255607337 -0.0202372931330528 -0.0135804709740814
-0.0250511193444646 -0.0265906291893683 -0.0256266421351368
-0.0259492771202604 -0.0261466105303407 -0.0256977913500982
-0.0142583066391401 -0.0109059181749755 -0.0135977338900838
-0.0227758589349159 -0.0231630544440689 -0.0236490396609045
-0.028549854308553 -0.0277518230529017 -0.0271855854399548
-0.0161108066982173 -0.0178033850512279 -0.0158304330102432
-0.0248456786807503 -0.0255920869976804 -0.023742736344615
-0.0162084924122208 -0.0177375779281673 -0.0163259928373419
-0.01533234911636 -0.019672498075732 -0.0157899077435146
-0.0334573517888454 -0.0325150437722199 -0.0329264814438548
-0.0154633972212955 -0.0189651451722676 -0.0151388628334942
-0.026655587508224 -0.0224136255657064 -0.0242705110654491
-0.0211857888123294 -0.0204769847827774 -0.0214372845769172
-0.0291650664113076 -0.0259082168864014 -0.027700415975899
-0.0207382939067127 -0.0193464530714253 -0.0213494161940019
-0.0217660608398616 -0.0213257969395475 -0.0226094866288891
-0.0248567699895622 -0.0253007717580037 -0.0251704287049559
-0.023335645258389 -0.0220853156723773 -0.0233359285997849
-0.0238982834012096 -0.027937841593937 -0.0238936048217383
-0.0167077178662328 -0.0165549819428806 -0.0179147202714116
-0.0287801301325437 -0.0283404874832912 -0.0263201096989401
-0.012487051829262 -0.0194503673139157 -0.0119514831080606
-0.0155803401532154 -0.0170105694885376 -0.0158911494721788
-0.0132934953927477 -0.0170944518026266 -0.0152386729528816
-0.0277230640740441 -0.0220232971343419 -0.0269585567787723
-0.0345674974428608 -0.0333595242492074 -0.0319624512319446
-0.0298014847110071 -0.0239152019677124 -0.0279412165521804
-0.0300901463858174 -0.0292781756272849 -0.0302495850517058
-0.0208772516986673 -0.0222646757996397 -0.0211854915856727
-0.0177716156722952 -0.0229646070777562 -0.0171561426526486
-0.0140133397179236 -0.0134091639579518 -0.0161073001848256
-0.0178993037284064 -0.0178000220410452 -0.0186018379528913
-0.0131142726619573 -0.0113831655264168 -0.0136831789531807
-0.0235937158714049 -0.0205202962768098 -0.0226974543578279
-0.0242722653104969 -0.0243211978582684 -0.024715396260694
-0.0208489720069858 -0.0282869781802813 -0.021643664168974
-0.013625210161294 -0.0203750569079702 -0.0137788595816873
-0.0148024629177325 -0.0138568121794 -0.0150612001093911
-0.0338488102581109 -0.0317286277645408 -0.0356547673316761
-0.0166032680560982 -0.0190632071886644 -0.0163005317314263
-0.0189662495840219 -0.0193932304850764 -0.0178989216281521
-0.0192608369282322 -0.0197238417611291 -0.0188200884029868
-0.0136666666666667 -0.0163672139858623 -0.0135606701567972
-0.0275368744488964 -0.0288947358392872 -0.027974658642938
-0.0102451479905959 -0.0134426749398854 -0.0111397030106571
-0.0231920510433488 -0.0209486770880115 -0.0228721700273716
-0.0195324173847818 -0.0217701165736753 -0.0202181728331532
-0.0293008724673933 -0.0268222141631521 -0.0259351245994808
-0.02521694490199 -0.0263256593220839 -0.0244373796293378
-0.0253843429035188 -0.0242888009237503 -0.0250584920604535
-0.00943221304848582 -0.0110479009412484 -0.00983680540459638
-0.0266768755837082 -0.0240809145144455 -0.0265349467365599
-0.0106245226062963 -0.0107130837155906 -0.0108141835145621
-0.0171571615552179 -0.0180382894762081 -0.0164635738832366
-0.0250897146504864 -0.0217465960396167 -0.0268730763217527
-0.0316699163312822 -0.0299314574689148 -0.0308173464268519
-0.0313436130925045 -0.031994580662008 -0.0317205960042307
-0.030631866296489 -0.0277724649576663 -0.0313628823500276
-0.0196079196563551 -0.0217441015358604 -0.021160814278492
-0.0304815412940999 -0.0288504312544918 -0.0292404493411303
-0.0115486764203375 -0.0171615939029434 -0.0114023404097327
-0.020954522618656 -0.0172741810456246 -0.0204692413484855
-0.0173343619392714 -0.0187961603402064 -0.0174133999284693
-0.012100799686517 -0.0126379933194366 -0.0126760368254024
-0.0155388898665952 -0.0176578175298439 -0.0149922739515745
-0.0122487614644384 -0.0155107386943581 -0.0115332167529507
-0.0348498740901142 -0.0290752852918622 -0.035211255887034
-0.0184877382836114 -0.0217895715967722 -0.0182074118278246
-0.0177426514613433 -0.0212597536288565 -0.017976304495482
-0.0226711673311028 -0.0229013425014351 -0.0229315956382794
-0.0175273826583043 -0.0175291468723893 -0.01749690158269
-0.0188787831406937 -0.0233901146724159 -0.0188369682873764
-0.0157097067940146 -0.0195576386003775 -0.0164126596495198
-0.0216850750552563 -0.0196672466316715 -0.0194081034478392
-0.0158757222299438 -0.019881321890701 -0.0161371558057753
-0.0181262000901878 -0.0205933955122231 -0.0177824222942111
-0.0248024354736085 -0.0241448938466779 -0.0238415278833971
-0.0246927295677716 -0.0228219426977888 -0.023613687589585
-0.0119294925514327 -0.0118840300335848 -0.0119784088308071
-0.021802602848615 -0.0197567659053444 -0.0222848741392884
-0.0137212431520399 -0.0161314485081603 -0.0140698671286007
-0.020668023905578 -0.0203214338216601 -0.0201865739863435
-0.0204989891134756 -0.0242158687994116 -0.0203376551166114
-0.0179434850164655 -0.0150942581484392 -0.0164299870506324
-0.0205718826572349 -0.027804589849752 -0.0197120702971265
-0.0177140218005262 -0.0195106648921163 -0.0181415737002889
-0.0339944213844278 -0.0339819220153969 -0.0354873469579141
-0.0176642172080166 -0.0201493281451867 -0.018716883559478
-0.00990037035793425 -0.00931832052464884 -0.00990351149368935
-0.0208207065037193 -0.0225255800390237 -0.0209834051010506
-0.0164837613538565 -0.0174003135414054 -0.0167812764741991
-0.0086311081170478 -0.00994375263508258 -0.00859604787330652
-0.0151627476973024 -0.0169904887573304 -0.015524142446602
-0.021707123617606 -0.0228761728098101 -0.0225774082136349
-0.0158605248286803 -0.0167108449730139 -0.016635229004069
-0.0234689151557719 -0.0223122940361439 -0.0231759398862096
-0.0247719032683424 -0.0294071967553999 -0.0268463127433293
