LMM GLMM GEE
0 -0.344090606158006 0
0 -0.32472649722035 0
0 -0.285187774844047 0
0 -0.113422407116492 0
0 -0.423986393817778 0
0 -0.314466538007503 0
0 -0.43970322520536 0
0 -0.332972058434308 0
0 -0.434347272569512 0
0 -0.384323254923381 0
0 -0.370039377575305 0
0 -0.167620038769964 0
0 -0.121392806338057 0
0 -0.463593266473086 0
0 -0.263274470814572 0
0 -0.142845503619368 0
0 -0.433628781728029 0
0 -0.233699462627201 0
0 -0.346136792487568 0
0 -0.181180105525082 0
0 -0.394226795426903 0
0 -0.408054890843106 0
0 -0.393984602997798 0
0 -0.153314066889249 0
0 -0.0290619342572755 0
0 -0.20455855405574 0
0 -0.259459539562629 0
0 -0.424887583182766 0
0 -0.382314373821326 0
0 -0.372285130434462 0
0 -0.64529895991229 0
0 -0.188690974000872 0
0 -0.802024535329476 0
0 -0.354347085285248 0
0 -0.447884337369918 0
0 -0.267340248882447 0
0 -0.672046056769716 0
0 -0.463531156839963 0
0 -0.424540139591826 0
0 -0.240506850339748 0
0 -0.322645005303253 0
0 -0.200874142156432 0
0 -0.305355777407566 0
0 -0.625323257461118 0
0 -0.167501777020335 0
0 -0.34078131322525 0
0 -0.556960124584798 0
0 -0.526494767183536 0
0 -0.133026699351058 0
0 -0.373408443390892 0
0 -0.44704911364837 0
0 -0.296435389035344 0
0 -0.146744353886986 0
0 -0.211081789431254 0
0 -0.342694401413236 0
0 -0.52748694231115 0
0 -0.764958022954484 0
0 -0.426793967687824 0
0 -0.533372874103054 0
0 -0.409090210977851 0
0 -0.738976087439427 0
0 -0.226158479960534 0
0 -0.381473907732853 0
0 -0.428423040397709 0
0 -0.428390975575738 0
0 -0.412031999458485 0
0 -0.76741540390012 0
0 -0.268533000771437 0
0 -0.435565291047987 0
0 -0.325331344034219 0
0 -0.422983185767554 0
0 -0.612215296605526 0
0 -0.678169836064302 0
0 -0.455595658720213 0
0 -0.17083906772154 0
0 -0.524895878196352 0
0 -0.389164195420327 0
0 -0.187206075429266 0
0 -0.672790056345111 0
0 -0.642692929781781 0
0 -0.656539970781001 0
0 -0.313813662416809 0
0 -0.342054973445764 0
0 -0.116188112272312 0
0 -0.418340012794437 0
0 -0.270150896550546 0
0 -0.382569450074815 0
0 -0.675791854138648 0
0 -0.173836007835396 0
0 -0.583803599532609 0
0 -0.597265836388855 0
0 -0.282498247680541 0
0 -0.407068019344006 0
0 -0.543754618212145 0
0 -0.531151679826512 0
0 -0.241862479214874 0
0 -0.563491602825245 0
0 -0.362417105317175 0
0 -0.273815122965597 0
0 -0.495307600456797 0
0 -0.202625554407724 0
0 -0.583955687777146 0
0 -0.683767222744343 0
0 -0.699680914017157 0
0 -0.60244162629868 0
0 -0.48877578424982 0
0 -0.305660327343865 0
0 -0.664342822183219 0
0 -0.607977678375346 0
0 -0.621421337525537 0
0 -0.1142733599231 0
0 -0.0684442115484711 0
0 -0.217552403586553 0
0 -0.391467109134645 0
0 -0.46911666818517 0
0 -0.549151435219672 0
0 -0.231036871613598 0
0 -0.0903150828951271 0
0 -0.474847532156777 0
0 -0.377268598316295 0
0 -0.548946595695851 0
0 -0.31381499279841 0
0 -0.527857714790706 0
0 -0.425158708385632 0
0 -0.264199789337226 0
0 -0.401630385519379 0
0 -0.311415984928029 0
0 -0.294976983458932 0
0 -0.328574738510991 0
0 -0.79109464921398 0
0 -0.461070783876101 0
0 -0.172517526164478 0
0 -0.42094041304821 0
0 -0.390614071447474 0
0 -0.613420552270171 0
0 -0.715864567331506 0
0 -0.504665689139898 0
0 -0.313024270977816 0
0 -0.269221975113166 0
0 -0.464110488681063 0
0 -0.358957734479436 0
0 -0.305642600559176 0
0 -0.204685353618878 0
0 -0.528223642696927 0
0 -0.290810739453674 0
0 -0.641440084658499 0
0 -0.137825287463353 0
0 0.0298277135027342 0
0 -0.306519964549394 0
0 -0.464608434378022 0
0 -0.29044457754226 0
0 -0.49782202441134 0
0 -0.516442737180431 0
0 -0.517662783426665 0
0 -0.170788931092956 0
0 -0.103393471177215 0
0 -0.0698060759243025 0
0 -0.420006914415328 0
0 -0.500334001603822 0
0 -0.28670582971326 0
0 -0.548246640023116 0
0 -0.342735303414827 0
0 -0.567427926024814 0
0 -0.329183815667483 0
0 -0.19525224550147 0
0 -0.432547147451518 0
0 -0.256846739111267 0
0 -0.339973407318796 0
0 -0.340226824623059 0
0 -0.308031195243978 0
0 -0.244216680924916 0
0 -0.438932628917157 0
0 -0.129151552941976 0
0 -0.442460907304845 0
0 -0.173112761887375 0
0 -0.395487027299713 0
0 -0.509424048399137 0
0 -0.525905661649371 0
0 -0.0707688230582031 0
0 -0.230923715851997 0
0 -0.380286140285672 0
0 -0.420473113217143 0
0 -0.313890738961093 0
0 -0.379892330986507 0
0 -0.240216013318219 0
0 -0.344742679929829 0
0 -0.164749557222579 0
0 -0.442415748554606 0
0 -0.20206402332239 0
0 -0.495456583661223 0
0 -0.593350062350771 0
0 -0.350321233571039 0
0 -0.210710239120577 0
0 -0.100387744373132 0
0 -0.4374309619798 0
0 -0.0697544133394284 0
0 -0.371578544487327 0
0 -0.197864876819756 0
0 -0.483738258553439 0
0 -0.40437656644267 0
0 -0.31141700384028 0
0 -0.384833666546678 0
0 -0.285667036858929 0
0 -0.627959487551494 0
0 -0.387298925845121 0
0 -0.173495570230518 0
0 -0.45645884972624 0
0 -0.541333616945898 0
0 -0.321247812697669 0
0 -0.0770333223430399 0
0 -0.517182846906476 0
0 -0.36038410866709 0
0 -0.390343624286675 0
0 -0.400756650851041 0
0 -0.446464070640578 0
0 -0.120995663453583 0
0 -0.55642890992337 0
0 -0.591626674519837 0
0 -0.475651253575477 0
0 -0.381996930814649 0
0 -0.708648695758496 0
0 -0.484573606888955 0
0 -0.29640097636638 0
0 0.189004694594139 0
0 -0.32828954280682 0
0 -0.0786177427777649 0
0 -0.76947142493575 0
0 -0.360258302418708 0
0 -0.390654312271473 0
0 -0.351404582487357 0
0 -0.251572688339648 0
0 -0.465185134319913 0
0 -0.323435778547591 0
0 -0.330466923804251 0
0 -0.656265343645442 0
0 -0.67379737067745 0
0 -0.412675271554849 0
0 -0.398999855556454 0
0 -0.494131072525074 0
0 -0.260829270805105 0
0 -0.565375315561504 0
0 -0.511629485061678 0
0 -0.41068121483044 0
0 -0.369139607530579 0
0 -0.224006268434936 0
0 -0.410947167541029 0
0 -0.450988125108011 0
0 -0.547069235106664 0
0 -0.522792620387377 0
0 -0.47592789719401 0
0 -0.279860669728045 0
0 -0.545114057695126 0
0 -0.403808528438361 0
0 -0.124987708990299 0
0 -0.258300580481649 0
0 -0.20678496002211 0
0 0.126888315455652 0
0 -0.376247269894409 0
0 -0.647192892963539 0
0 -0.536456866516811 0
0 -0.306955915268836 0
0 -0.329943944676083 0
0 -0.570969565062581 0
0 -0.330099794264529 0
0 -0.666479792920598 0
0 -0.46195522810505 0
0 -0.404169231425686 0
0 -0.364547430154642 0
0 -0.422079937704021 0
0 -0.254683346997366 0
0 -0.473412473907307 0
0 -0.145293891022587 0
0 -0.428122875888521 0
0 -0.400371357135977 0
0 -0.16633840120786 0
0 -0.160716795932026 0
0 -0.411143842083349 0
0 -0.357370984236172 0
0 -0.528820217757924 0
0 -0.148659680496807 0
0 -0.46244329765151 0
0 -0.318834227824737 0
0 -0.171230386777511 0
0 -0.101974423488307 0
0 -0.582776936262107 0
0 -0.596384595905533 0
0 -0.356855565365139 0
0 -0.413831835647147 0
0 -0.377857162368569 0
0 -0.076525010225554 0
0 -0.599746379225701 0
0 -0.66949750591706 0
0 -0.290384583558569 0
0 -0.164932579584868 0
0 -0.287224727195175 0
0 -0.645371272717144 0
0 -0.492196825801013 0
0 -0.265520490007962 0
0 -0.227096379724367 0
0 -0.445442236804229 0
0 -0.341800764319015 0
0 -0.598627006969232 0
0 -0.0724445204370249 0
0 -0.32672858352476 0
0 -0.474078810793637 0
0 -0.351186623106134 0
0 -0.439875833968855 0
0 -0.402708678835256 0
0 -0.574991678822801 0
0 -0.5136999206412 0
0 -0.337669681809972 0
0 -0.412968948863762 0
0 -0.208991186600871 0
0 -0.293390078130982 0
0 -0.34108689160563 0
0 -0.13968776363922 0
0 -0.261603623782142 0
0 -0.314854825051895 0
0 -0.251227424194955 0
0 -0.365388017446943 0
0 -0.417801177348891 0
0 -0.260529639104612 0
0 -0.502711820877389 0
0 -0.163109217978529 0
0 -0.46735364343599 0
0 -0.436943830083012 0
0 -0.321565457927448 0
0 -0.469495415177509 0
0 -0.524360742042518 0
0 -0.585296664385552 0
0 -0.142154154593194 0
0 -0.346059889778005 0
0 -0.254276417258716 0
0 -0.361436676015915 0
0 -0.226971853251808 0
0 -0.319151436939695 0
0 -0.0911282386534482 0
0 -0.289183320439725 0
0 -0.482259083122574 0
0 -0.476869604737863 0
0 -0.284938265853778 0
0 -0.461733333932172 0
0 -0.604668973204001 0
0 -0.436274300332793 0
0 -0.460342344038182 0
0 -0.377751524422779 0
0 -0.408960678144699 0
0 -0.358964241668151 0
0 -0.320124174421403 0
0 -0.299408381714814 0
0 -0.442554745066776 0
0 -0.143723649960376 0
0 -0.0803610319401883 0
0 -0.635291448065665 0
0 -0.336186249003751 0
0 -0.303347333110811 0
0 -0.210160592494423 0
0 -0.594390547175381 0
0 -0.466105950033957 0
0 -0.463640580618575 0
0 -0.062178644239925 0
0 -0.684325776259408 0
0 -0.308096078390159 0
0 -0.396726198811351 0
0 -0.373109431497524 0
0 -0.302742523936915 0
0 -0.879497099012379 0
0 -0.356591411532048 0
0 -0.477098644704877 0
0 -0.278483092250991 0
0 -0.30066366160982 0
0 -0.399371189156897 0
0 -0.255220604084477 0
0 -0.326343588397764 0
0 -0.415311772220789 0
0 -0.55476197125896 0
0 -0.518402691457428 0
0 -0.641635680215397 0
0 -0.415878869909525 0
0 -0.461750488472926 0
0 -0.328964948085517 0
0 -0.529190357497979 0
0 -0.575823111540093 0
0 -0.19939720646034 0
0 -0.355060058503601 0
0 -0.48050086169469 0
0 -0.689247725948857 0
0 -0.181287602970263 0
0 -0.446921215469079 0
0 -0.356169513084872 0
0 -0.151168189639899 0
0 -0.4688558725387 0
0 -0.217116202815333 0
0 -0.557748701583245 0
0 -0.355485555717429 0
0 -0.280253264449458 0
0 -0.454173622808154 0
0 -0.279880955400803 0
0 -0.162821099042832 0
0 -0.300185086317918 0
0 -0.457571768483931 0
0 -0.466030470422611 0
0 -0.521347148261774 0
0 -0.405213690254109 0
0 -0.537131923705056 0
0 -0.225560871629435 0
0 -0.175243443190552 0
0 -0.18724890941553 0
0 -0.263906696118683 0
0 -0.236724319394742 0
0 -0.541208438325883 0
0 -0.256716068736497 0
0 -0.11184737227545 0
0 -0.64679198700357 0
0 -0.378834491253847 0
0 -0.534080278761826 0
0 -0.431104457944654 0
0 -0.31400314208534 0
0 -0.264682197420467 0
0 -0.278142317931221 0
0 -0.337159570407061 0
0 -0.30276235313238 0
0 -0.461098460068254 0
0 -0.225330507048488 0
0 -0.293927032814973 0
0 -0.272472921148763 0
0 -0.566845956053936 0
0 -0.509184138447822 0
0 -0.535518325596336 0
0 -0.587436162325068 0
0 -0.149028391471682 0
0 -0.402628388963817 0
0 -0.356208533139493 0
0 -0.428830291675164 0
0 -0.447467091310054 0
0 -0.50302823763929 0
0 -0.436779680287951 0
0 -0.311524087588208 0
0 -0.414974295250576 0
0 -0.4331744389946 0
0 -0.567651353176997 0
0 -0.2641502523797 0
0 -0.121384685728894 0
0 -0.521549120286938 0
0 -0.48598461590974 0
0 -0.396107601501127 0
0 -0.150996466577726 0
0 -0.126943060034765 0
0 -0.530248373945714 0
0 -0.324890440705286 0
0 -0.1341945580114 0
0 -0.42946533495837 0
0 -0.274057387670695 0
0 -0.318742954955895 0
0 -0.575460545897477 0
0 -0.124056379901331 0
0 -0.611386510598336 0
0 -0.41467782367547 0
0 -0.482260514763204 0
0 -0.424249873824728 0
0 -0.433021424472586 0
0 -0.406690066432923 0
0 -0.430695400191748 0
0 -0.415641266820965 0
0 -0.605850598519549 0
0 -0.269500902366865 0
0 -0.119275764024427 0
0 -0.230914338641155 0
0 -0.371512156941108 0
0 -0.495225623916866 0
0 -0.331098279966638 0
0 -0.213771279031273 0
0 -0.239446145013578 0
0 -0.210676379495477 0
0 -0.305083460950325 0
0 -0.73606928668938 0
0 -0.320627680179253 0
0 -0.253142431802365 0
0 -0.504121693691836 0
0 -0.544147099453111 0
0 -0.205997926123781 0
0 -0.242329064793687 0
0 -0.15575140386309 0
0 -0.507366548544051 0
0 -0.408643446557156 0
0 -0.271285788697158 0
0 -0.54327012656173 0
0 -0.4138052301197 0
0 -0.226969513053626 0
0 -0.162914714801615 0
0 -0.357234667570793 0
0 -0.285588249868943 0
0 -0.318796130318179 0
0 -0.126362389389266 0
0 -0.32880806694806 0
0 -0.437186035025319 0
0 -0.622764251351438 0
0 -0.294440121974516 0
0 -0.419399389929919 0
0 -0.456779343179405 0
0 -0.385536326256261 0
0 -0.618037195907228 0
0 -0.620732850672166 0
0 -0.315816149794827 0
0 -0.224506259659607 0
0 -0.434317990901372 0
0 -0.21884993307451 0
0 -0.366349946878842 0
0 -0.314817512502605 0
0 -0.558805179799326 0
0 -0.508518722533655 0
0 -0.283061106818534 0
0 -0.479127061314761 0
0 -0.294539597183683 0
0 -0.72250320148895 0
0 -0.400799471790091 0
0 -0.306599989251302 0
0 -0.274751432070092 0
0 -0.369949751706357 0
0 -0.146644795429074 0
0 -0.311669496381328 0
0 -0.277940547090495 0
0 -0.251300382811412 0
0 -0.397510929601822 0
0 -0.361626416250219 0
0 -0.461442162189028 0
0 -0.547926135357303 0
0 -0.247637446173965 0
0 -0.252506807370371 0
0 -0.504272188617928 0
0 -0.294102181004374 0
0 -0.416875715899629 0
0 -0.931275815778516 0
0 -0.0535654299103761 0
0 -0.427439712515964 0
0 -0.048986083914707 0
0 -0.303753830554378 0
0 -0.427795911048868 0
0 -0.0522791622254569 0
0 -0.514050158044567 0
0 -0.267158249816612 0
0 -0.659286826896409 0
0 -0.800934118317881 0
0 -0.682476885383616 0
0 -0.0443541977938913 0
0 -0.538531983396246 0
0 -0.388841027639355 0
0 -0.683593996520626 0
0 -0.205733166813413 0
0 -0.6744959478888 0
0 -0.765522160644122 0
0 -0.312261094570476 0
0 -0.477993695646096 0
0 -0.456424103804114 0
0 -0.499187215234091 0
0 -0.400932492084965 0
0 -0.166426855998281 0
0 -0.39002321215664 0
0 -0.408078596161008 0
0 -0.411476681266706 0
0 -0.586066583784243 0
0 -0.0818328945622604 0
0 -0.492491514581795 0
0 -0.168245295933243 0
0 -0.333268036663148 0
0 -0.381028254486667 0
0 -0.171399902896163 0
0 -0.248291375635529 0
0 -0.30648586544227 0
0 -0.469639044890925 0
0 -0.374614075300977 0
0 -0.496201247767565 0
0 -0.194353078840484 0
0 -0.174220434311705 0
0 -0.423725405075942 0
0 -0.348478565656901 0
0 -0.424867810631471 0
0 -0.388680103046897 0
0 -0.204009504329572 0
0 -0.393356962663195 0
0 -0.289679945449257 0
0 -0.67235832149058 0
0 -0.516791771792646 0
0 -0.333909206795614 0
0 -0.230026539240147 0
0 -0.333718198647145 0
0 -0.0929134913991719 0
0 -0.605283524849752 0
0 -0.429180409892413 0
0 -0.303543955051518 0
0 -0.188052656619288 0
0 -0.229611243455228 0
0 -0.135474941403558 0
0 -0.337271411907663 0
0 -0.0246197862847333 0
0 -0.216029226467216 0
0 -0.411356457203902 0
0 -0.222621243173723 0
0 -0.493292427610499 0
0 -0.125533318476913 0
0 -0.253876925320258 0
0 -0.270709140844344 0
0 -0.642381964568983 0
0 -0.214986148844574 0
0 -0.1490138746168 0
0 -0.57867901825571 0
0 -0.189924803917348 0
0 -0.322492481617998 0
0 -0.264583950995679 0
0 -0.351252795187668 0
0 -0.207371298301224 0
0 -0.476936345779821 0
0 -0.193743834850792 0
0 -0.437268569916368 0
0 -0.174776194739627 0
0 -0.49476329257069 0
0 -0.669796500465494 0
0 -0.347223815504116 0
0 -0.427953909793354 0
0 -0.27002817782085 0
0 -0.300917501416948 0
0 -0.454581656654635 0
0 -0.648415331817294 0
0 -0.492410706666769 0
0 -0.63006755543595 0
0 -0.268069833431458 0
0 -0.426923761033189 0
0 -0.30854306667895 0
0 -0.23586452862305 0
0 -0.80034096598882 0
0 -0.51753617801218 0
0 -0.841693531722397 0
0 -0.306040841778879 0
0 -0.673897967087884 0
0 -0.472816193979036 0
0 -0.36715430741859 0
0 -0.323029397341697 0
0 -0.540068583601759 0
0 -0.382927754955527 0
0 -0.383371148235591 0
0 -0.72645409712432 0
0 -0.355283012023135 0
0 -0.673092921374992 0
0 -0.270342944857315 0
0 -0.390082897010462 0
0 -0.231291552499899 0
0 -0.513144813791711 0
0 -0.0949213979304772 0
0 -0.348110258362255 0
0 -0.34473072175553 0
0 -0.0991238806742657 0
0 -0.151205374415208 0
0 -0.390197929930157 0
0 -0.51188585471607 0
0 -0.542287383439876 0
0 -0.403599873252541 0
0 -0.228329547206874 0
0 -0.288787951492377 0
0 -0.44923384914488 0
0 -0.454460842709037 0
0 -0.229670174850762 0
0 -0.616981595527181 0
0 -0.423374754297245 0
0 -0.372205757887789 0
0 -0.321506211098947 0
0 -0.378490470757473 0
0 -0.225028135235062 0
0 -0.336920953640086 0
0 -0.638329152724983 0
0 -0.566363910366125 0
0 -0.36414055307004 0
0 -0.281784683523266 0
0 -0.809281256935404 0
0 -0.19607733183338 0
0 -0.409722352281514 0
0 -0.165234828591508 0
0 -0.233407746850065 0
0 -0.318961791756814 0
0 -0.498413103359924 0
0 -0.0754598208310276 0
0 -0.394047068640095 0
0 -0.123788976949727 0
0 -0.55515699068881 0
0 -0.365186088660177 0
0 -0.242065001952387 0
0 -0.0653880722237772 0
0 -0.629944976399749 0
0 -0.422888867750019 0
0 -0.0849959438628799 0
0 -0.470070396284846 0
0 -0.580283517871357 0
0 -0.11521799323296 0
0 -0.0929025346503559 0
0 -0.150489751904431 0
0 -0.492025297042654 0
0 -0.449157040525709 0
0 -0.307015349753287 0
0 -0.377447288734703 0
0 -0.180336852899238 0
0 -0.352484412057257 0
0 -0.423715084359779 0
0 -0.424127177513146 0
0 -0.540229371175833 0
0 -0.481407620847501 0
0 -0.583944884029125 0
0 -0.328710433736734 0
0 -0.338551655868272 0
0 -0.565801895574026 0
0 -0.371751556893414 0
0 -0.34974042346145 0
0 -0.358043170824726 0
0 -0.262248052357967 0
0 -0.625939528413075 0
0 -0.512402273950199 0
0 -0.247712888124598 0
0 -0.331046290510588 0
0 -0.852504931032356 0
0 -0.336762642815672 0
0 -0.49768884237485 0
0 -0.40784393706553 0
0 -0.643409013391797 0
0 -0.581801867829076 0
0 -0.224274367078263 0
0 -0.453730218452506 0
0 -0.128512086994593 0
0 -0.351595248334175 0
0 -0.2848053782471 0
0 -0.552814643575162 0
0 -0.544644570055981 0
0 -0.327928413894306 0
0 -0.604285671307974 0
0 -0.307661665762098 0
0 -0.554824275027873 0
0 -0.434942417103791 0
0 -0.417331960997202 0
0 -0.389356821954633 0
0 -0.410845535881973 0
0 -0.0569023105447431 0
0 -0.557773303606008 0
0 -0.484724704228785 0
0 -0.600061884428489 0
0 -0.5001935609233 0
0 -0.497061892469353 0
0 -0.473562876375324 0
0 -0.319704624888424 0
0 -0.211595738137499 0
0 -0.143174590614733 0
0 -0.38881054757715 0
0 -0.267182122876006 0
0 -0.26677020494166 0
0 -0.376530106150262 0
0 -0.310781184453313 0
0 -0.244779301076178 0
0 -0.43031071572485 0
0 -0.326384423665757 0
0 -0.505377696166695 0
0 -0.29642425450167 0
0 -0.736848196286347 0
0 0.0769531016387869 0
0 -0.349683053198104 0
0 -0.730406172072622 0
0 -0.209790115801517 0
0 -0.245671206752444 0
0 -0.393953647075727 0
0 -0.288646772248027 0
0 -0.553932443056062 0
0 -0.311581381526126 0
0 -0.328661929488071 0
0 -0.573829552571732 0
0 -0.340402816827371 0
0 -0.48141768075638 0
0 -0.318692791374364 0
0 -0.136786254700161 0
0 -0.441660176170944 0
0 -0.134295619111325 0
0 -0.458175228980953 0
0 -0.349744732637887 0
0 -0.432009453784231 0
0 -0.197755298057972 0
0 -0.355182979699917 0
0 -0.160438139683326 0
0 -0.218562569751431 0
0 -0.089851421949047 0
0 -0.257646935338236 0
0 -0.224023132403605 0
0 -0.392073068765939 0
0 -0.282771935444073 0
0 -0.303346334754756 0
0 -0.081367793858767 0
0 -0.45901374077798 0
0 -0.289372687233673 0
0 -0.5999235405736 0
0 -0.169427462740493 0
0 0.134065484019649 0
0 -0.176568288605734 0
0 -0.510684060935237 0
0 -0.542700627116126 0
0 -0.454132688368417 0
0 -0.355671011389087 0
0 -0.257453443592009 0
0 -0.323640095054298 0
0 -0.471161167594131 0
0 -0.111777825565304 0
0 -0.31754355727204 0
0 -0.213740076382741 0
0 -0.436725433619057 0
0 -0.457262452869013 0
0 -0.475132249297187 0
0 -0.28870570157456 0
0 -0.298124726554234 0
0 -0.582143476134565 0
0 -0.373445716198299 0
0 -0.231202839957342 0
0 -0.368070327271087 0
0 -0.524256668695457 0
0 -0.289823064381283 0
0 -0.453908418331248 0
0 -0.557072048798479 0
0 -0.247855825079913 0
0 -0.537518890729633 0
0 0.00328028561556378 0
0 -0.463485028841038 0
0 -0.472383593369988 0
0 -0.557138618092041 0
0 -0.489277812352712 0
0 -0.170388991107674 0
0 -0.269447149788102 0
0 -0.701622511477297 0
0 -0.378522822324747 0
0 -0.395743403623967 0
0 -0.362177541483731 0
0 0.0592841737983137 0
0 -0.450720033300604 0
0 -0.632047249860905 0
0 -0.183794453872385 0
0 -0.177675567347346 0
0 -0.498213908768858 0
0 -0.679327267913152 0
0 -0.454218080217575 0
0 -0.421012181989228 0
0 -0.399627430775853 0
0 -0.373182805824153 0
0 -0.476425113905375 0
0 -0.458232994703995 0
0 -0.129631271404316 0
0 -0.385493252853751 0
0 -0.336678569858369 0
0 -0.430528885261085 0
0 -0.218543627506293 0
0 -0.477648051217784 0
0 -0.272925814086267 0
0 -0.310393538846105 0
0 -0.440258562625803 0
0 -0.252324788089108 0
0 -0.552849612440036 0
0 -0.496955215618762 0
0 -0.0709201292350535 0
0 -0.505499487655435 0
0 -0.186314521213309 0
0 -0.42783135535654 0
0 -0.276467865787458 0
0 -0.831351124114918 0
0 -0.265487609545191 0
0 -0.573426132319629 0
0 -0.414934283979619 0
0 -0.217001814226732 0
0 -0.507480243392654 0
0 -0.322196774992939 0
0 -0.0745525055261302 0
0 -0.579642750898077 0
0 -0.176579708029169 0
0 -0.230145765446991 0
0 -0.532676206897367 0
0 -0.409591222776551 0
0 -0.470085880230308 0
0 -0.805031954390405 0
0 -0.60387353179172 0
0 -0.176322076401483 0
0 -0.37201268471396 0
0 -0.332684998358489 0
0 -0.456838019009972 0
0 -0.292841435762422 0
0 -0.537987329810034 0
0 -0.390309825096083 0
0 -0.243907823147911 0
0 -0.397878588862604 0
0 -0.449203278140363 0
0 -0.184169836759968 0
0 -0.365390802919884 0
0 -0.663135860748944 0
0 -0.696543784561791 0
0 -0.525443869341053 0
0 -0.316845605031613 0
0 -0.294213457437161 0
0 -0.460223494680964 0
0 -0.407987205713881 0
0 -0.500382751891387 0
0 -0.640094869217779 0
0 -0.224910393972021 0
0 -0.447045431765039 0
0 -0.213983629795892 0
0 -0.690547310328287 0
0 0.000365648859660514 0
0 -0.478357318380985 0
0 -0.168526464318867 0
0 -0.342334216211616 0
0 -0.488417167525287 0
0 -0.450959713159918 0
0 -0.442639080162505 0
0 -0.548230139993741 0
0 -0.422913143293125 0
0 -0.425612950207267 0
0 -0.366273694578708 0
0 -0.337048233111489 0
0 -0.406594791780432 0
0 -0.458451705202726 0
0 -0.49689049976843 0
0 -0.7696396103149 0
0 -0.412036754667875 0
0 -0.320207545698757 0
0 -0.587251765899448 0
0 -0.908026161349775 0
0 -0.338796864903368 0
0 -0.422066936322183 0
0 -0.299292491291485 0
0 -0.668447516573311 0
0 -0.366311517223255 0
0 -0.426464864840242 0
0 -0.534255017295673 0
0 -0.373135437442901 0
0 -0.492787528922614 0
0 -0.573030764973466 0
0 -0.339982132921758 0
0 -0.217331408066916 0
0 -0.407839931439448 0
0 -0.539737729245481 0
0 -0.25833482103491 0
0 -0.593038899799065 0
0 -0.279923069586798 0
0 -0.540514526252206 0
0 -0.354479265686766 0
0 -0.482376014226264 0
0 -0.391080176565436 0
0 -0.67356963904962 0
0 -0.456974414355053 0
0 -0.649566045028135 0
0 -0.323298064089466 0
0 -0.371163383784079 0
0 -0.239342341516847 0
0 -0.33611012747472 0
0 -0.294972962930783 0
0 -0.580360199807561 0
0 -0.358264927288909 0
0 -0.295215891892988 0
0 -0.322092053375959 0
0 -0.425507983555104 0
0 -0.602256381110418 0
0 -0.405291064246112 0
0 -0.329799298385459 0
0 -0.474178529017467 0
0 -0.158341526253754 0
0 -0.43586640258314 0
0 -0.286593825246247 0
0 -0.0123699448267387 0
0 -0.147735784241178 0
0 -0.212501317895435 0
0 -0.399377911645969 0
0 -0.586624556503259 0
0 -0.295890730577597 0
0 -0.475642046791214 0
0 -0.416617538928037 0
0 -0.536635427598607 0
0 -0.673233917959018 0
0 -0.636116290076288 0
0 -0.547646652683316 0
0 -0.318480456525728 0
0 -0.347176283091375 0
0 -0.264039141983018 0
0 -0.552691146474658 0
0 -0.195887469449483 0
0 -0.495834256856753 0
0 -0.722516742392964 0
0 -0.254266108452095 0
0 -0.389036898033492 0
0 -0.221276209603424 0
0 -0.357697577271382 0
0 -0.307236640220288 0
0 -0.401085315818884 0
0 -0.406976975335201 0
0 -0.303422033834699 0
0 -0.416389009449751 0
0 -0.233798178259515 0
0 -0.432348716592262 0
0 -0.379253617838775 0
0 -0.327290662099017 0
0 -0.546645712396642 0
0 -0.263118019980238 0
0 -0.42551155792214 0
0 -0.307731906967168 0
0 -0.325474021113815 0
