LMM GLMM GEE
-0.00986053867731874 -0.290627480517016 0
-0.000180608752297864 -0.150231392971881 0
-0.00771570917140824 -0.196432756088256 0
-0.0215818885545654 -0.117549903063072 0
-0.034111395843756 -0.548095432025383 0
-0.036240815374861 -0.420697443598401 0
-0.0221659749896888 -0.410434427083372 0
-0.00926139770332382 -0.27025551021549 0
-0.01872457486254 -0.472926615700019 0
-0.0209173135122208 -0.375724994236563 0
-0.0154797052688675 -0.360191004539642 0
-0.0114509104448709 -0.196280630085265 0
-0.00845537220472871 -0.108707970321763 0
-0.00726418297397158 -0.439189829808382 0
-0.0283676267167407 -0.704998032135247 0
0.000772525172947308 -0.021870931851802 0
-0.0208206552284657 -0.341548982909464 0
0.00847925734808413 -0.396902106235802 0
-0.0111098950812108 -0.285881878665211 0
-0.0484845412288994 -0.515210584447048 0
-0.0159289031970353 -0.227792094054332 0
-0.00915783319545586 -0.267545294723984 0
-0.0493529424943715 -0.395097914707491 0
-0.0187526512321153 -0.373221021291071 0
-0.0300433011245892 -0.694123850262762 0
-0.033921345230364 -0.414481535782605 0
-0.022026811870826 -0.445566271497481 0
0.00946423625390061 -0.158699030281096 0
-0.0150689312629394 -0.441464444882255 0
-0.0141106550173536 -0.35437779502728 0
-0.0168407806652808 -0.205058547815428 0
-0.0139948289243401 -0.367791750456301 0
-0.0239434890573649 -0.654913418976858 0
-0.0169693548558326 -0.331805518714311 0
-0.00710313299514593 -0.607530077494137 0
-0.024723947987791 -0.484472885469761 0
-0.0173786507349798 -0.582433667511825 0
0.027158778275492 -0.121423925867536 0
-0.0101824857488961 -0.476559300398883 0
-0.0169568308145405 -0.442602936349321 0
-0.0278837783014363 -0.616089622513269 0
0.00637736562224192 -0.159426548825443 0
-0.0185815408077839 -0.416183057855178 0
-0.0254734609733104 -0.473696554030356 0
-0.019896439839974 -0.368952335493533 0
-0.0149122327267127 -0.163570128138434 0
-0.00780289903220971 -0.456872760531056 0
-0.0242010861696504 -0.280574714254388 0
-0.017588311335514 -0.506145996196107 0
-0.0097345796841747 -0.149123598826092 0
-0.0046994713574583 -0.29596242454599 0
-0.0171580906080772 -0.73922646996027 0
-0.0288164313173374 -0.385538929955883 0
-0.00625654011204395 -0.377511064248902 0
-0.0117358478115269 -0.417983643355367 0
-0.0122522190976673 -0.128226368811123 0
-0.0232898740460204 -0.47969094694421 0
-0.00399325703235998 -0.227810932387805 0
-0.0222243665076374 -0.459371433546535 0
-0.0309871921486192 -0.49147154867323 0
-0.0446110729392606 -0.346459337810751 0
-0.0152829968602803 -0.409628627539226 0
-0.00166610396853208 -0.39441308832642 0
-0.0131894413710036 -0.34451884087665 0
-0.00133884670802376 -0.234502833283893 0
-0.0187081888869904 -0.326031982127124 0
-0.0194451829461858 -0.460935516861548 0
-0.00640586330524035 -0.409969757809047 0
-0.00666467085338893 -0.301198921320925 0
-0.0255799236359453 -0.498464626468666 0
-0.0397675762796148 -0.720671732226193 0
-0.0238949261721527 -0.467317384216773 0
-0.00651080873965991 -0.401233854370311 0
-0.00676849525653322 -0.191398035252249 0
-0.0326272581433175 -0.602554097244818 0
0.00188862683525099 -0.264338116848546 0
-0.0075511482404707 -0.234228875199455 0
-0.0117283700728239 -0.128269833030547 0
-0.0232128648394962 -0.589356477834729 0
-0.00849045403153048 -0.21596899506717 0
-0.00508451928612507 -0.456245774382307 0
-0.0424094325793428 -0.632994704822658 0
-0.0138867552010783 -0.351995208159227 0
-0.0118026413050878 -0.231137691345703 0
-0.00839255506931937 -0.33519606491155 0
-0.00400854229228245 -0.249113108075084 0
-0.00564951684249877 -0.14479893686766 0
-0.0318742256499404 -0.650446264729783 0
-0.00442646159461813 -0.482840107202737 0
-0.0295832463505571 -0.395639116628274 0
-0.00264234705110923 -0.144469644055092 0
-0.0126264731160422 -0.612436232014129 0
-0.015363359729137 -0.315516004052714 0
-0.0167645337514065 -0.539226369962988 0
-0.0122485355021893 -0.433857042615839 0
-0.00843658306027172 -0.251294151164106 0
-0.0123142460882837 -0.402041138801685 0
-0.0159859280152213 -0.445118361681386 0
0.00224204651315867 -0.282452456715628 0
-0.0442864923118593 -0.706823215782173 0
-0.00980500048480521 -0.198090654076469 0
-0.0258944590177528 -0.486896032732604 0
-0.0200903766347262 -0.151875414605418 0
-0.000369090269280784 -0.278495108534208 0
-0.0118883367281986 -0.483252904453351 0
-0.0273696355464934 -0.493445073815094 0
-0.0208471242228248 -0.549917574941396 0
-0.0744129266420049 -0.596863403909498 0
-0.0248514392116477 -0.619617600926855 0
0.00348500872010787 -0.177906936898013 0
-0.0286208970949625 -0.350173457038281 0
-0.0126388180597936 -0.475465574982055 0
-0.00133141221447565 -0.331656625063265 0
-0.0321220074061312 -0.54951184395068 0
-0.0146241154759345 -0.480707189251789 0
-0.0302083211013766 -0.542018777007728 0
-0.0193907265167987 -0.137022474837475 0
-0.0263852509671018 -0.447251286308807 0
-0.0097447619437214 -0.166249072875616 0
-0.0233244443204152 -0.74434124336858 0
-0.00185080707697566 -0.555518753545049 0
-0.0200334024881409 -0.379448663848899 0
-0.0208859040380087 -0.362176996870554 0
-0.0128061880109469 -0.169608040321637 0
-0.024189063952938 -0.34149076037445 0
-0.0217652812195106 -0.508625753586272 0
-0.0469604968302367 -0.291917535836863 0
-0.0237770544879106 -0.32362583106709 0
-0.0227641884264107 -0.532412167280372 0
-0.0104090678987713 -0.547347759259704 0
-0.0141216591817678 -0.444370232914661 0
-0.0163959057430664 -0.42938911176615 0
-0.0208048783732066 -0.296713619611446 0
-0.0255534995167869 -0.352266423239826 0
-0.0109528886291641 -0.411218849521335 0
-0.0213095011078852 -0.468113376576025 0
-0.017200917098225 -0.51776095913646 0
-0.00677964708337785 -0.342389582267414 0
-0.0224840280628918 -0.452014640155832 0
-0.0233897278474901 -0.429120183588997 0
-0.0181280536416218 -0.581289290711222 0
0.0187626736112579 -0.415801885453601 0
-0.0245023477546303 -0.393158486245244 0
-0.0184259564052636 -0.564722202743628 0
-0.00933554074198564 -0.300487805937294 0
-0.0253509259236181 -0.550364088486526 0
-0.0253658752982675 -0.448448160480978 0
-0.00982928804498111 -0.215407495258018 0
-0.0083446559634011 -0.427477790706272 0
-0.00848566481988262 -0.178695238830839 0
-0.00602688415522118 -0.446209201214883 0
-0.0114092609868074 -0.337485154502394 0
-0.0232123243905678 -0.383360973740384 0
0.00608354475451011 -0.214150408832252 0
-0.0106430849030501 -0.434959279281014 0
-0.0133221900866045 -0.419163796808449 0
0.0114382240998149 -0.202546463615732 0
-0.00150657520204102 -0.106003356842892 0
-0.0213495534736279 -0.519912609394866 0
-0.020780417648027 -0.50983729468647 0
-0.020488264173295 -0.423018415270219 0
-0.0245762383441514 -0.5073872784681 0
0.0158769621945906 -0.193418917727473 0
-0.017508045463636 -0.236565057659114 0
-0.0197159696219942 -0.415963703374478 0
-0.0246508727599543 -0.545433702051716 0
-0.0247356537287178 -0.562037358313132 0
-0.0131128538126773 -0.335730409167786 0
-0.00747170012300378 -0.440740404048583 0
-0.0204885500285968 -0.376617446829417 0
-0.0289352341653188 -0.592846476337282 0
-0.0238789874839403 -0.522049914083486 0
-0.019186359946611 -0.499748334318079 0
-0.0152941642953337 -0.224862346541876 0
-0.0131390549104166 -0.127403794466888 0
-0.0188111079894458 -0.343226219011074 0
0.00102019095602869 -0.107880003936283 0
-0.0109383403599553 -0.394266709017783 0
-0.0211239375037965 -0.457783247184049 0
-0.0294293060866813 -0.421354702331435 0
-0.00723330521945522 -0.426691728171283 0
-0.0123083252352475 -0.162555057807598 0
-0.0177333394252989 -0.570785843861044 0
-0.00445017545987283 -0.306624146910861 0
-0.0109330656249515 -0.349362928750281 0
-0.00913372623426732 -0.317168698186289 0
-0.00897878927572812 -0.288393368051268 0
-0.0114264596003466 -0.388392171365105 0
-0.0235481631574464 -0.390960285196357 0
-0.0173790821851515 -0.565667494425783 0
-0.0253314835085343 -0.560892246514854 0
-0.0163239082805344 -0.436383699919248 0
-0.0239295781689325 -0.257424717276487 0
-0.0246331609349975 -0.478144358294442 0
-0.0180217762248287 -0.319139088254714 0
-0.0128561627337237 -0.143343340155662 0
-0.0210051852148081 -0.622965141654754 0
-0.0171048698540189 -0.0883750157025687 0
-0.0162268979789162 -0.362593471759486 0
-0.01516413178179 -0.270982401889101 0
-0.00799644984112592 -0.229703923590675 0
-0.00501319446800096 -0.228147534635153 0
-0.0306978924874714 -0.517849288258964 0
-0.0115299711335587 -0.154981765527377 0
-0.00588021154824449 -0.198636765369332 0
0.0106265512860635 -0.139978750740309 0
-0.0283908777568878 -0.373899316696227 0
-0.033717216342235 -0.537043855052858 0
-0.0298194049247183 -0.477455627287642 0
-0.015871039636881 -0.459304843054123 0
-0.0398483952951554 -0.777550131073171 0
0.0022726712911946 0.0640326366374269 0
-0.00329603206653985 -0.438143785014625 0
-0.0116700042689696 -0.33649297073444 0
-0.00734816138502697 -0.172220667720646 0
-0.00114767409798475 -0.440567296333738 0
-0.018742413478743 -0.659425779150386 0
-0.0110675826319242 -0.271879260354966 0
-0.0438665463932165 -0.605020256007441 0
-0.0193765395372589 -0.253530284327772 0
-0.00844861508723161 -0.144900392633597 0
-0.00235164068487974 -0.198773564128718 0
-0.00916068238041461 -0.268321232844555 0
-0.0169545879217504 -0.267797402019627 0
-0.00728822296689865 -0.535125596710888 0
-0.00786086208312526 -0.121851590806854 0
-0.00682343639503234 -0.360338235050205 0
-0.00833002004986351 -0.602162887331278 0
-0.0164539020199094 -0.293299866410799 0
-0.00952160172983254 -0.462677490613523 0
-0.00674048209272568 -0.360538235874838 0
-0.0243214047516168 -0.437826525835553 0
-0.00971968762961415 -0.168927281746137 0
-0.0142918374599424 -0.549253697660065 0
-0.0312109134238737 -0.383915746765181 0
-0.00397036610016349 -0.370363571509008 0
-0.0190711207555045 -0.384752232082794 0
-0.015547923002026 -0.52378120701678 0
-0.0197571103127846 -0.323337893745874 0
-0.0284793356626359 -0.654376568051467 0
-0.0159551675776599 -0.624954855506789 0
-0.00480859235837658 -0.170452184570036 0
-0.0138640674584964 -0.298378572549617 0
-0.0169279286554667 -0.282679955790989 0
0.0048031308083937 -0.291694483087274 0
-0.0303981985122842 -0.577977200264959 0
-0.0339941998578774 -0.371609372999877 0
-0.0195490575101007 -0.518769303464328 0
-0.0074413732801158 -0.304549137691804 0
-0.0134148135380153 -0.265571714072939 0
-0.00756585249815426 -0.594396884651712 0
-0.0200354528505199 -0.375204834719931 0
-0.0277290538293922 -0.526478303915456 0
-0.012566609217718 -0.361565310115922 0
-0.0181251172266052 -0.56072548215836 0
-0.0112060129629774 -0.393352776795214 0
-0.0260626052938266 -0.189394133600197 0
-0.00697722815617412 -0.186838647628531 0
-0.00536971621608545 -0.228925172230312 0
-0.00867108464348893 -0.394130443614598 0
-0.057514932953677 -0.815100243547571 0
-0.0143222733652611 -0.310596467827664 0
0.00257179378847335 -0.309529915858116 0
-0.0262066164421418 -0.588711388661761 0
-0.0229943746856267 -0.390254909086695 0
-0.018593345291963 -0.568529533543842 0
0.001665097519659 0.0638652870648586 0
-0.0104213799237027 -0.366935488293862 0
-0.00110157857036121 -0.248528650306492 0
-0.0253078252803767 -0.517183709756967 0
0.0049325512523503 -0.370703663824627 0
0.00126691336909039 -0.227162856353521 0
-0.0216299127349626 -0.455688441614465 0
-0.00596316828202503 -0.361202105510877 0
-0.00939266564461007 -0.169653957155598 0
-0.0194031916643608 -0.631824730726859 0
-0.017622856246205 -0.420491320877339 0
-0.0245326661803785 -0.48842828247707 0
-0.00812390164045321 -0.0498795048898562 0
0.0136456591510159 -0.230931616428865 0
-0.0202610416141866 -0.24722434799739 0
-0.00654611104884837 -0.296025224701322 0
-0.028715945324512 -0.668886383135599 0
-0.00904282386189949 -0.336358803413392 0
-0.0334481618148431 -0.562507967762145 0
0.00147589697326911 -0.172079841304848 0
-0.0130465155564538 -0.45230055319388 0
-0.0169083463999955 0.000601343077072429 0
-0.022227172846229 -0.490439735711879 0
-0.0059732473096005 -0.544293498794072 0
-0.013032383395001 -0.451663188511107 0
-0.00448880224798684 -0.403550209758513 0
-0.0314129169432659 -0.463355157815548 0
-0.00459429942719145 -0.2477096358966 0
-0.0349113639955513 -0.250470408158574 0
-0.0249848682643165 -0.807913154900553 0
-0.0281201781270634 -0.536125847284547 0
-0.0172032232098164 -0.276012483666395 0
0.00109293105180809 -0.281264114763493 0
-0.0245300870577996 -0.614576067351373 0
-0.0170797920811012 -0.235013981765543 0
-0.000183378926229062 -0.313813896310646 0
-0.0281827572651778 -0.531442287504124 0
-0.00934569852158601 -0.277060058919097 0
0.00101815496996357 -0.190128916247002 0
-0.012895873681087 -0.367290254534159 0
-0.0124934402553816 -0.49179618541319 0
-0.00892254390278953 -0.287974684428682 0
-0.0121804987932416 -0.295587579355894 0
-0.0225076435562727 -0.715331166221216 0
-0.0342307807546474 -0.41223044983901 0
-0.0117507280179618 -0.465877774926503 0
-0.0203511356141673 -0.351585403789245 0
-0.00979406778945751 -0.344405876358929 0
-0.00440665546798574 -0.271033805527775 0
-0.0251254817973944 -0.42868441025864 0
0.00408767826388446 -0.00785908949274658 0
-0.0333710792028016 -0.738092087362275 0
-0.0104486839885952 -0.218982316156243 0
-0.0181976438853655 -0.356020244266912 0
-0.0110693245386331 -0.202438085346388 0
-0.00867169419231684 -0.377150345024419 0
-0.012511989611504 -0.288450365554053 0
-0.0127704438636446 -0.277039688431933 0
-0.0171472600549352 -0.830067916693869 0
-0.0076916986196096 -0.279372036181626 0
0.0024350467701198 -0.43215728306201 0
-0.00451370335101661 -0.260165007386028 0
-0.0173749498049609 -0.401399045616538 0
-0.0247718053839018 -0.66011533350736 0
-0.00690978701811195 -0.294737408889371 0
-0.0184689054792189 -0.272377935711865 0
-0.0286096988945384 -0.448369958322679 0
-0.0204311716943017 -0.641438573936028 0
-0.0314500115811999 -0.695590344973435 0
-0.0251112854827969 -0.471829805843008 0
-0.00579620501141348 -0.0370382898411297 0
-0.0354503596067611 -0.616032014060675 0
-0.0126333904327551 -0.296233972698968 0
-0.00572050892630407 -0.168045739210202 0
-0.0241374719753489 -0.599780625202637 0
-0.0194383055795964 -0.304943852125765 0
-0.0248852785709145 -0.459691827034035 0
-0.00758879995594657 -0.538643655589816 0
-0.00885323074229054 -0.118749890006548 0
-0.016534934963509 -0.340501726602769 0
-0.0109171740683543 -0.326573980673536 0
-0.0221545451182911 -0.360686586452429 0
0.00158318399849475 -0.330674669600136 0
-0.0282932556147038 -0.229680933411374 0
-0.0249025210990046 -0.505420893875845 0
-0.0157649810389039 -0.378758760053225 0
-0.00928252446037702 -0.393991326435932 0
-0.0098387755148803 -0.260753098462625 0
-0.0166848217857394 -0.428579924541305 0
-0.0180119618560019 -0.313729895599908 0
-0.0181372314812229 -0.259098232818377 0
-0.0256461382971032 -0.515309202754639 0
-0.0144831390901667 -0.344566004056163 0
-0.0199839763799045 -0.150255116207234 0
-0.0122339009783385 -0.328965710129439 0
-0.0213502701645199 -0.221959436097304 0
-0.0261334360947207 -0.567191633454867 0
-0.0368369422673344 -0.755874899599825 0
-0.00729146695234282 -0.290902576301386 0
-0.00967209654002562 -0.2245155185103 0
-0.0157135067159615 -0.495227624142873 0
-0.0330495380864813 -0.47494562671241 0
-0.0129228070465382 -0.288724529533104 0
-0.0254765871938076 -0.43578831485865 0
-0.0139821820419825 -0.280898013862552 0
-0.0216521617760964 -0.449030986404024 0
-0.0137732298401601 -0.368480724948096 0
-0.0137978932433171 -0.50556981445021 0
-0.0138915784331575 -0.155717159344241 0
-0.0253837507744924 -0.891508393026867 0
-0.00496405064509742 -0.300663134191684 0
-0.0120807265630881 -0.351132742829639 0
-0.0314425167565926 -0.566161083654979 0
-0.00705348588078547 -0.48571468313659 0
-0.0333797808978663 -0.819136012972075 0
-0.0566072908217236 -0.692362991307219 0
0.00302193984195585 -0.408264457221195 0
-0.0156194921775222 -0.348882153787908 0
0.00650786456290811 -0.305834416369753 0
0.00121694241198395 -0.345157550024687 0
-0.00622073572168325 -0.389979188765717 0
-0.0183624475874225 -0.433836078244372 0
-0.0166321896813137 -0.465636605776829 0
-0.0205311789757541 -0.446523239611382 0
-0.00414453449701465 0.0460723476608364 0
-0.012083513238399 -0.535702867055671 0
-0.0129195832347475 -0.533070903414971 0
-0.0196507920842723 -0.579842374655017 0
-0.0153329766210072 -0.329238376473362 0
-0.0174489283893832 -0.31935428376263 0
-0.0107111388397984 -0.558974868712055 0
-0.0110304314235993 -0.337757318720621 0
-0.018768857568707 -0.333293995967539 0
-0.0155243536612471 -0.460137665295928 0
-0.0263136808913564 -0.292211608901992 0
-0.0159583408735724 -0.438821199319317 0
-0.0195449762157116 -0.394912166581905 0
-0.0103562048086576 -0.56282066997763 0
-0.0172225370397428 -0.399770225393776 0
-0.0223636574841848 -0.545661803585214 0
-0.00858709955333141 -0.43416090528785 0
-0.0147999635006954 -0.327593365766533 0
-0.0200919370041587 -0.259493522414633 0
-0.0179135109952912 -0.35781114010471 0
2.02570282961606e-05 -0.449637620849925 0
-0.0141042663480096 -0.435912693226589 0
-0.0198183118868674 -0.334721011458335 0
-0.00813009808233541 -0.176788747302427 0
0.0120187878877573 0.160741296439177 0
-0.00875369188092507 -0.357816967531843 0
-0.0185020208678879 -0.302664715203538 0
-0.00457027510309419 -0.440331124888535 0
0.00927802274359252 0.161357984321659 0
0.00607131647118869 -0.109524607908397 0
-0.0181644246965497 -0.232932870151146 0
-0.0321882706650048 -0.550093723568122 0
-0.0138098280542809 -0.449933763637393 0
-0.0123786859276052 -0.380746268404829 0
-0.0355086323380513 -0.215762258593114 0
-0.0189952054095537 -0.312027377424139 0
-0.0191169639835748 -0.162740454294496 0
-0.0133756229285962 -0.322112171342827 0
-0.016546946394613 -0.476160899793635 0
-0.0132204808497533 -0.375926453637078 0
-0.0138239861144448 -0.309393292713463 0
-0.0165334636896127 -0.315848659159529 0
-0.0147295979801368 -0.196933532321193 0
-0.0237335509420402 -0.559372227640597 0
-0.0116464370728515 -0.351300020851239 0
-0.0136695426502507 -0.339490414599019 0
-0.0221507381158844 -0.546795032578595 0
-0.0192941905880631 -0.407200081715372 0
-0.00138699481227084 -0.207844980650366 0
0.000356975916074465 -0.135385192815142 0
-0.0303641264714667 -0.512850750878749 0
-0.016786919645317 -0.478204707152993 0
-0.021165526787604 -0.448132477412473 0
-0.0147046369500045 -0.412179915297085 0
-0.0149716361367403 -0.359182416577509 0
-0.00246064178065451 -0.448115317313538 0
-0.00435121638816438 -0.166079394015375 0
-0.0136246114705002 0.0337708586651417 0
-0.0284191801976565 -0.518809815181182 0
-0.0185313496677674 -0.546934319242584 0
-0.00933854884599173 -0.228601676425524 0
-0.0160113890230478 -0.388297668262554 0
-0.0156162779334066 -0.133315178728098 0
-0.00755766509276832 -0.318940846608016 0
-0.0247526466453837 -0.457105760355877 0
-0.0293450512004955 -0.609838399348547 0
-0.0147798577171869 -0.473621762796456 0
-0.0149637633436647 -0.276866780030386 0
-0.0229829129857206 -0.534554002278334 0
-0.0107691190119597 -0.0355575839571363 0
-0.0367160202251343 -0.155415551968087 0
-0.0153551800797487 -0.62107348796587 0
-0.0109187330106093 -0.375086937319066 0
-0.00333531610411126 -0.285053088073661 0
-0.0144872001226468 -0.59145261922366 0
0.0156147023433522 -0.0517999333943331 0
-0.0273796833702232 -0.374988791388068 0
-0.01868053270457 -0.329934283851147 0
-0.0309300009074875 -0.464040688964646 0
-0.0171881642099402 -0.520568660114502 0
0.000555830777225518 -0.170042280375181 0
-0.0144894115963463 -0.519191532163186 0
-0.00952946048044442 -0.251254247979593 0
-0.00764018121347627 -0.309457896869837 0
0.00299010373175362 -0.423225350839405 0
-0.0263608040021451 -0.367038685208499 0
-0.0124887417928894 -0.206497545464766 0
-0.0154700502295364 -0.126268221493448 0
-0.018120331295342 -0.390623888224202 0
-0.00745838852254533 -0.550435320694431 0
-0.0149240460172665 -0.451424919923832 0
-0.0170233584632365 -0.311050483042248 0
-0.00106368520546302 -0.351251471237569 0
-0.0260822603650402 -0.56741393931459 0
-0.0193428255476533 -0.376021863824556 0
-0.0248638521322671 -0.435428949910515 0
-0.0226710245341249 -0.492905220678352 0
-0.0158133528314373 -0.456399425513894 0
-0.0160209457220653 -0.521203317114091 0
-0.0200813237554609 -0.419271107810878 0
-0.00546063265758419 -0.414400346246396 0
-0.0234925234645679 -0.690803611364988 0
-0.00809131892141709 -0.270417938577743 0
-0.0184624371792372 -0.365236738336721 0
-0.0088450832822218 -0.327155700935907 0
-0.0220314366472562 -0.4715252408954 0
-0.000637071540888273 -0.199831250503665 0
-0.0125873180982974 -0.393032548549279 0
0.00675339431553479 -0.150845221398157 0
-0.015358750735399 -0.309498679893156 0
-0.00334847372577328 -0.272334939111663 0
-0.000706021819834 -0.633641722857144 0
-0.0227082839036186 -0.590895465784541 0
-0.0201138089639528 -0.436321278351357 0
-0.000532742161008619 -0.26209887801392 0
-0.0305959967114911 -0.637369396125231 0
-0.0274695000841775 -0.455837458161608 0
-0.00877506783557486 -0.297360041039289 0
-0.0111021084379198 -0.307000645023384 0
-0.0103625545028978 -0.381143152413953 0
-0.0143151603243441 -0.551795876062187 0
-0.0249121736974506 -0.377397043439065 0
-0.012072992783889 -0.476713333663822 0
0.00292119940555741 -0.199787877669754 0
0.0132036605562647 -0.185649990502802 0
-0.0166373725732081 -0.471751952829242 0
-0.0204495569994789 -0.290331421090309 0
-0.01763769045792 -0.419439837693316 0
0.0118362068018883 -0.0330184856840628 0
-0.0128429734983534 -0.305508574770603 0
-0.00616998746535232 -0.447086038186845 0
-0.0436337605447531 -0.564479885277996 0
-0.0180803302873883 -0.532362536799771 0
-0.0238761913169899 -0.399808472808626 0
-0.00306749020673086 -0.284549775773831 0
0.0120572846146476 -0.117330282813397 0
-0.0159155996546597 -0.50531109045107 0
-0.0475490425495053 -0.469917823825553 0
-0.0316841799425883 -0.440228056450737 0
-0.0169739449816885 -0.300122074708305 0
-0.00963944785894794 -0.423528469116172 0
-0.00614196889351085 -0.250742382554234 0
-0.00540178521735858 -0.251006206528722 0
-0.0107145974829492 -0.287114805632555 0
0.00311610475970152 -0.447447253454342 0
-0.0270651363872289 -0.559574195945303 0
-0.0149241015502732 -0.372954856607911 0
-0.0218478625637338 -0.519464415397015 0
-0.0112044300220747 -0.14868879933642 0
-0.0139756766796081 -0.220823729270458 0
-0.0250885679820779 -0.559047011328952 0
-0.00867544436333337 -0.33236692543329 0
-0.0198979671244614 -0.19558571492758 0
-0.0130303486957718 -0.386308637449699 0
-0.0184455935217783 -0.306958773005901 0
-0.0257229684185587 -0.424114610231748 0
-0.0234403705341897 -0.488629763308258 0
-0.0156428231244248 -0.238977968954167 0
-0.00921512919442071 -0.581044579197728 0
-0.000763982404244012 -0.514811670532076 0
-0.0280549060842145 -0.345917575504911 0
-0.00215127487424233 -0.26393928430789 0
-0.00564882052792914 -0.211155753815822 0
-0.0181954934664402 -0.226353005450332 0
-0.0240240891887599 -0.617087762827226 0
0.0136031732133037 -0.158159654785728 0
-0.0158745769968742 -0.208300781179482 0
-0.0353358845445913 -0.594347472431745 0
-0.00545108104600274 -0.355499968725465 0
-0.0127495421407509 -0.399264096918167 0
-0.0112148439558229 -0.289737350030675 0
-0.0234158910554651 -0.445190235188437 0
-0.0196932793436344 -0.394236494977852 0
-0.0118948581954244 -0.52163377650941 0
-0.000519747408928518 -0.0898342622371795 0
-0.0135801100846956 -0.368753566496455 0
0.00712017953020255 -0.364166119378528 0
-0.0221169228046125 -0.46259447626023 0
-0.00505847397579893 -0.228695557463698 0
-0.00796696097362012 -0.36462585419297 0
-0.020200202936441 -0.408807543091559 0
-0.0168812268217254 -0.55826199747646 0
-0.0216013594608463 -0.319997098040091 0
-0.00893037236215485 -0.189390729168413 0
-0.0129728546847428 -0.453863119525856 0
-0.0100022783741617 -0.315698303609906 0
-0.0212227219598058 -0.352817568233466 0
-0.0387241085332918 -0.41229012129294 0
-0.021767082080502 -0.382601348771871 0
-0.0121464493307781 -0.366839292488185 0
-0.0222036700751969 -0.460466919713157 0
-0.00613372260601907 -0.120207977400227 0
-0.00411164798542693 -0.524672772588331 0
-0.0114935030199689 -0.322921682603325 0
-0.0185346058120175 -0.557242604899133 0
-0.0213620555521171 -0.426733514029692 0
-0.00393009243833685 -0.462530224404802 0
-0.0282706365044275 -0.357044816980597 0
-0.0163585022991201 -0.27586324093285 0
-0.0238467557780054 -0.187750538666533 0
-0.0339710002786808 -0.275535961110494 0
-0.0092804517771194 -0.335766669746083 0
-0.0323295554233179 -0.42151828208907 0
-0.00109522141431102 -0.284322514100143 0
-0.0190207774818067 -0.444324796126885 0
-0.00442759361543134 -0.480574984857422 0
-0.0214394262550029 -0.297325569584815 0
0.000768880560820788 -0.139951697834407 0
0.00465856506157274 0.00518225497744186 0
-0.0255595864099362 -0.508851201534007 0
-0.0186081692347264 -0.492243856817647 0
-0.013397706243953 -0.190931063388185 0
-0.0191918815470472 -0.424250412126824 0
0.00556509513948571 0.0728751763850743 0
-0.0107655030061901 -0.34460433226192 0
-0.0250736108511491 -0.569636444936397 0
-0.0121951096865455 -0.464870514450702 0
-0.0222445993593903 -0.292409593870408 0
-0.0183648014603265 -0.507152718872204 0
-0.0196941943888149 -0.491943715398114 0
-0.0185256036562605 -0.387590081106087 0
-0.00704762555902422 -0.22375560609443 0
-0.00840199279079239 -0.182822451438598 0
-0.0149691354999993 -0.385293716983366 0
-0.00471174986304741 0.0548690791800834 0
-0.01728670923473 -0.526203079639591 0
-0.0150150066226328 -0.432488117430169 0
-0.00170604261493248 -0.248449714472173 0
-0.00871370561421573 -0.361874310876771 0
0.00553638108267079 -0.583743549153178 0
-0.0109988318087292 -0.765272158000852 0
-0.0248505711209801 -0.624308426819383 0
-0.0101319801786473 -0.357105328050699 0
-0.0239432750367405 -0.428796603803033 0
-0.00660358408079705 -0.325423940182307 0
0.00367972133458356 -0.214359254550281 0
0.00305486841647826 -0.117924118112709 0
-0.0100359271117531 -0.250902181779693 0
-0.0191977435002992 -0.652704309648222 0
-0.0161859958179826 -0.686027277400222 0
0.00139720161121827 -0.0627503068418915 0
-0.0170365908768572 -0.444325942955779 0
-0.0137136324581794 -0.227356916412044 0
-0.0209625225130826 -0.612076308869316 0
0.00246182614851525 -0.209072797307313 0
-0.00614710928046637 -0.230335868111195 0
0.000306677784465466 -0.123753863989623 0
-0.0435407139922916 -0.291603638205719 0
-0.0187780819912109 -0.25223876356786 0
-0.0147189698672779 -0.184274221922531 0
-0.0116856839842104 -0.514291258130493 0
-0.00398797574747999 -0.260311219124817 0
-0.00754967236012428 -0.629917935170228 0
-0.0153364827431987 -0.410052929882716 0
-0.0200149314989033 -0.484381806366846 0
-0.0169871107967747 -0.43389365940587 0
-0.0214108256954545 -0.565375876887159 0
-0.0188569305015146 -0.232139939223136 0
-0.0275788371218714 -0.275896281068028 0
-0.0278888012811104 -0.485073141383886 0
-0.0173333394208347 -0.279676255266308 0
-0.0115357129533925 -0.201276484076677 0
-0.0113895342323287 -0.0893280792830438 0
-0.0202488525223264 -0.476528771268732 0
-0.00325904710207367 -0.36361231907234 0
-0.0109044287413617 -0.240844929613398 0
-0.00969172127346258 -0.275713740662182 0
-0.023122534408441 -0.47362916012043 0
-0.022997764906828 -0.584204690300399 0
-0.0229001525338666 -0.45627490317015 0
-0.0145765511934642 -0.331953508495535 0
-0.0281949962320894 -0.528653693407928 0
-0.0220828237715269 -0.384635658009664 0
-0.00354189991321993 -0.215118069308375 0
-0.0284068191492792 -0.832190405445936 0
-0.0165668225719136 -0.43160132721585 0
-0.0115819441930939 -0.407684105667413 0
-0.0134046991802534 -0.248511899134688 0
-0.0177903406688663 -0.305184084295542 0
-0.0136154615562283 -0.352438165725755 0
-0.0143366779120768 -0.536402075480811 0
-0.0191743626330933 -0.588309290406735 0
-0.0170206993851852 -0.568979972021309 0
-0.0217247798946191 -0.593149780324304 0
-0.0194700032184817 -0.352247234180077 0
-0.00350865761810452 -0.424611686394727 0
-0.0212840523843091 -0.500277518570503 0
-0.00760853985316591 -0.414376162350455 0
-0.0217445021974054 -0.637499022220788 0
-0.0178063505742854 -0.42467258218223 0
-0.0313358117169915 -0.466664765726177 0
-0.0210427762230357 -0.44047914912116 0
-0.0170431015655124 -0.398361159762361 0
-0.0255635551253566 -0.830859053405356 0
-0.0252583051220338 -0.632546225363254 0
-0.00673362580793654 -0.276671968452836 0
-0.00479482020052893 -0.246239631680303 0
-0.0140817243161932 -0.428452560216345 0
-0.00231762063465955 -0.52898146883749 0
-0.0189475972633683 -0.401447328054308 0
-0.0284388572622058 -0.495452707379537 0
-0.0252295140790936 -0.38394396830134 0
-0.0254686847845456 -0.448548456375203 0
-0.0107583164596519 -0.420864349923525 0
-0.00286173945986222 -0.421384823611265 0
-0.0148734108102035 -0.528330420989682 0
-0.002913170891991 -0.196193536587284 0
-0.0129555079132579 -0.517532723030073 0
-0.000138440970960135 -0.0133126988411936 0
-0.00758711909845328 -0.354036522753245 0
-0.0162443085390932 -0.298299596347104 0
-0.0253148499808319 -0.617439476155115 0
-0.00718166442251957 -0.535665820638557 0
-0.031329676619049 -0.673089157605311 0
-0.0257094341776861 -0.279062290785116 0
-0.0147582496628178 -0.552720173774923 0
-0.0172277346083578 -0.354920085812405 0
-0.00580436727329145 -0.219264251048948 0
-0.0079513029240128 -0.334296081479878 0
-0.0146816136948365 -0.382619234807472 0
-0.017770410220482 -0.347437763844604 0
-0.0165496100643315 -0.349882300505222 0
-0.0257097137499806 -0.630992700230067 0
-0.0398886457123931 -0.305574481332486 0
-0.00565944706975288 -0.309092446039449 0
-0.0256857619494838 -0.477021621779815 0
-0.0393912299645557 -0.30659080483404 0
-0.0289662647342647 -0.38695701262097 0
-0.0116326549487267 -0.242679382474206 0
0.00295697284835903 -0.329223771730309 0
-0.011487898982945 -0.617019373473079 0
-0.013009884756127 -0.249522586977476 0
-0.0212961548193881 -0.569917002061147 0
-0.0192071493268214 -0.437154738770164 0
-0.0269802656744796 -0.292219127652753 0
-0.0204995848331998 -0.440177703503986 0
-0.00404369467462956 -0.24210223609813 0
-0.0101842105847676 -0.24882057983708 0
-0.00598534294997211 -0.281446508502421 0
-0.0118686041072261 -0.218363731883861 0
-0.0100054312563513 -0.290594314024354 0
-0.00448970696933437 -0.373177841641431 0
-0.0218662310967584 -0.837046397161472 0
-0.011996326694168 -0.553069431803313 0
-0.0142669788522076 -0.363096257954472 0
-0.00829771207478493 -0.213513589160492 0
-0.0135229990894608 -0.274367255093568 0
-0.0358739100103232 -0.260067483376385 0
-0.0259349112678726 -0.444486219355842 0
-0.0197796685238671 -0.412089903978697 0
-0.0167038068390544 -0.456871590788698 0
-0.00764816586347624 -0.362625980324458 0
-0.0192482430199544 -0.458074308524028 0
-0.00109763357974882 -0.0922046116058856 0
-0.0231999258957635 -0.451210337448878 0
-0.0110458946769826 -0.282345033809162 0
-0.00489097324714681 -0.282228274330298 0
-0.0250799394025315 -0.383856329389477 0
-0.0107613617859265 -0.245747129978134 0
-0.0253987461697023 -0.585192652381093 0
-0.000795458578270548 -0.221040898373767 0
-0.0270961891416804 -0.326748119376295 0
-0.00418836664132861 -0.285754272319418 0
-0.00628529545066488 -0.373972731760069 0
-0.00169187781078476 -0.174949419288773 0
-0.0230263440103914 -0.529701167036941 0
0.0020514381342262 -0.466210519546845 0
-0.00829755716369963 -0.340094078194715 0
0.00394206120755078 -0.335671370422577 0
-0.0224614696011864 -0.311335946505324 0
-0.00733843510915912 -0.285465252052994 0
-0.0219431203581723 -0.705519539369843 0
-0.0089548815903591 -0.258498068201639 0
-0.0287991703019752 -0.38073729484015 0
-0.0148516029532676 -0.399252551450614 0
-0.0249478577614224 -0.446261275836358 0
-0.0249970754406946 -0.540830279031184 0
-0.0215439405668256 -0.232872004334744 0
-0.0207653518364574 -0.340783091083898 0
-0.0244972273931356 -0.450781527065481 0
-0.0136612096574445 -0.19643843891253 0
-0.0252161509206241 -0.534573427993422 0
-0.00843319995540935 -0.268074518855249 0
-0.0195828541813032 -0.399395297243706 0
-0.0134396936242392 -0.229838159766574 0
-0.00270429145768598 -0.354055777453357 0
-0.010567163570529 -0.248793468634633 0
-0.0222200299649102 -0.44117493503061 0
-0.0141979973485227 -0.409760995794011 0
-0.0360793656718631 -0.457600721472926 0
-0.0070354207867389 -0.173841178272452 0
-0.0204760106249189 -0.49839750420382 0
-0.025404882709381 -0.437804981097753 0
-0.0100733932061024 -0.314636792704741 0
-0.0159193879513313 -0.442604048301137 0
-0.0227143497315062 -0.24454648645269 0
-0.0102185183977776 -0.258227391434878 0
-0.0250407177494463 -0.344714426745451 0
-0.0182995414392322 -0.460117803084026 0
-0.0115188127133219 -0.421072273805882 0
-0.0233117606333396 -0.664587874581557 0
-0.0130391805259018 -0.580434124661516 0
-0.0284625725263291 -0.280958870247822 0
-0.0181643767177262 -0.276874038998558 0
-0.0115570206880983 -0.421018068719558 0
-0.00905270822935795 -0.466475752778505 0
-0.00252697003169202 -0.477670243970145 0
-0.0252861431792221 -0.454669825615147 0
-0.0147158189356998 -0.298544512173631 0
-0.0130703654509152 -0.335711418425522 0
-0.0258067964204518 -0.741386910899898 0
-0.0122734214092186 -0.494111174179327 0
-0.00274094435237757 -0.184129575449093 0
-0.0176193686772551 -0.544313706055152 0
-0.0153624577477972 -0.439249425660393 0
-0.0112745106370881 -0.246450952228007 0
-0.0128679419817944 -0.169130915369972 0
-0.0205305808993237 -0.497769548097406 0
-0.0142140940043099 -0.289916205480112 0
-0.0202551136189127 -0.640799045084437 0
-0.00503241443948551 -0.23395315846575 0
-0.0192022695500572 -0.44400548646989 0
-0.034286441190052 -0.533441966423927 0
-0.0127761382047108 -0.421812198843433 0
-0.0204839096528499 -0.336992913299652 0
-0.0131903447017625 -0.306796563555874 0
-0.0219471029765276 -0.389887985228814 0
-0.0165426487086785 -0.530303392955282 0
0.011694735127547 0.151839279018686 0
-0.0167247903480896 -0.727477446574672 0
-0.0165770300137662 -0.577234323038764 0
-0.0152658365817085 -0.544918707078125 0
-0.0251868859228859 -0.311796934831425 0
-0.013251355034498 -0.345182718432875 0
-0.0216731644692594 -0.411043678076788 0
-0.0213703141631548 -0.214406023978572 0
-0.00683453977440616 -0.278102807889792 0
-0.0113770083528999 -0.170349661312368 0
-0.0367595501092147 -0.830357866163957 0
-0.00877691983425692 -0.400663101798656 0
-0.00914673998371653 -0.464677453109793 0
-0.0164244726657953 -0.696803619634079 0
-0.0124881683940394 -0.348606676831628 0
-0.022698595655071 -0.550115047971026 0
-0.0224401834109744 -0.466027420804713 0
-0.00421634348329756 -0.464901304035147 0
-0.00763360120269408 -0.276243785138898 0
-0.0298762312902603 -0.59409076599087 0
-0.00705760609864854 -0.200925589391588 0
0.000759612651346035 -0.188567247885068 0
-0.0277838147704278 -0.628348801995676 0
-0.00903904255154002 -0.155025614673164 0
-0.00145911228714125 -0.11859599976901 0
-0.0121792416805039 -0.43715875018484 0
-0.00421505575271261 -0.0409132043545301 0
-0.00291346441241839 -0.182625101995286 0
-0.00952202207440417 -0.442028480374621 0
-0.0296747215231608 -0.527248087130779 0
0.00325048043587641 -0.132562272156152 0
-0.0207463773351044 -0.297825704365122 0
-0.00307222652927324 -0.0718900724947797 0
-0.0228217091817853 -0.548660325022842 0
-0.0106626779458169 -0.182273196731004 0
-0.0200125512083254 -0.644541572175121 0
-0.0157771925971611 -0.266985783673173 0
-0.0124730027738533 -0.222578131511369 0
-0.0207243613717908 -0.306708751851412 0
0.00438127694824755 -0.135822294093624 0
-0.0184513655520112 -0.360284051683783 0
-0.0114928708402304 -0.318295980961224 0
-0.00709191724894456 -0.282791230517563 0
-0.0368937625823713 -0.422573399221492 0
-0.00315289601594263 -0.169239222761594 0
-0.019358631233216 -0.661632763617622 0
-0.0101903723279782 -0.438917607194787 0
-0.0259415251173389 -0.686494229302551 0
-0.00455010569059669 -0.279877464303871 0
0.000260997754897074 -0.107486376210811 0
-0.0351980313171615 -0.511346781281772 0
0.0133429520012063 -0.314410876267469 0
-0.0102671619041148 -0.483773365570386 0
0.00513741288503179 -0.496604756888936 0
0.00419826397886821 -0.0930792788063789 0
-0.046688641196609 -0.561135096602899 0
-0.0240665005417718 -0.740970835368987 0
-0.0195603628936471 -0.513374494315514 0
-0.0227745794343319 -0.2343199444232 0
-0.0232074476819582 -0.675540375428766 0
-0.0318298724465049 -0.331261131512566 0
-0.0243536036801896 -0.638679216414857 0
-0.02506707000846 -0.479076936201514 0
-0.0217903768409631 -0.715692611322356 0
-0.0192199556919911 -0.35579149421824 0
-0.0214982779223568 -0.484793237906574 0
-0.0621632133676361 -0.311107172410867 0
-0.00941577895635865 -0.257158264223767 0
-0.0198931372043263 -0.494663511276449 0
-0.0248795438380892 -0.335353121198906 0
-0.0159729966744323 -0.4184661126799 0
-0.0101945097426258 -0.541333535999151 0
-0.0570614966434604 -0.667611291892273 0
-0.0201184115805706 -0.588780310952036 0
-0.027793509432347 -0.484095097211431 0
-0.00885655530981164 -0.161682637749974 0
-0.0183397393989315 -0.392676865942428 0
-0.0134055708396289 -0.29564183945412 0
-0.0206629198401295 -0.36405701889101 0
-0.0174637127312791 -0.363826126956974 0
-0.00419379630335704 -0.215653539649625 0
-0.021167234892486 -0.611574955202437 0
-0.0143110215781095 -0.340682812080682 0
-0.0231749621498385 -0.534387638385892 0
-0.0236928524493381 -0.634586701396753 0
-0.00679656422512465 -0.342443540286395 0
-0.0328840690448445 -0.662443479619064 0
-0.0186166642778474 -0.419930607942869 0
-0.0175793571325877 -0.230506073474888 0
-0.0224298110086985 -0.351655901527644 0
-0.0281631694554974 -0.862765927162225 0
0.00389541808475798 -0.174250510441762 0
-0.0260179869635022 -0.509651828806952 0
-0.0361235043949996 -0.830827927003789 0
-0.0208089184489912 -0.587181069616482 0
-0.0126866841376557 -0.435948956564099 0
-0.0287360880879295 -0.327803161194834 0
-0.00870973649050838 -0.251547291434202 0
-0.029333881930216 -0.360164826998772 0
-0.021798749311951 -0.341599320612614 0
-0.0146267956746179 -0.509004160350551 0
-0.00388785803853693 -0.353847658499891 0
-0.00543650465113396 -0.0793956818469622 0
-0.0283474287930453 -0.409042861705461 0
-0.0025504304998421 -0.0778476797382612 0
-0.0280704177562048 -0.413237727721686 0
-0.0200713693480537 -0.471472013905914 0
-0.0212877560212639 -0.524062425930215 0
-0.028839248223536 -0.571769003963347 0
-0.0208305895668381 -0.821824131666922 0
-0.0101765226685747 -0.369257632828323 0
0.000747747042104057 -0.236560809533613 0
-0.00822122035532843 -0.296227175147793 0
-0.0158680429575729 -0.244375601334487 0
-0.00694641397861168 -0.381765991397664 0
-0.00331522346889341 -0.172094100791126 0
-0.0135234352511718 -0.125028518461001 0
-0.0206552061824954 -0.359465318156047 0
-0.0112314576518737 -0.394043453807996 0
-0.0145656582183746 -0.183189152814075 0
-0.0143858828098265 -0.2906336791553 0
-0.0118920266495208 -0.393478273819847 0
-0.0261052160078306 -0.331162182099977 0
-0.041076770176125 -0.398217590770186 0
-0.0157604087746089 -0.436906148329722 0
-0.0274930925742391 -0.334405828341667 0
-0.0167351755669073 -0.380647194263562 0
-0.0194985204809073 -0.724320998401606 0
-0.0235615125216946 -0.477858377064199 0
-0.0400083221434782 -0.937227950666931 0
0.00180696199869806 -0.508929081579026 0
-0.0313894234672536 -0.323294138555844 0
-0.0121398819562228 -0.367209863380849 0
-0.0189749891910502 -0.613143189509179 0
-0.0317754701518554 -0.468947796013197 0
-0.015639214474364 -0.34944774223537 0
-0.00376504281322367 -0.576621089028955 0
-0.0119101286700252 -0.474903730443096 0
-0.00670065230040559 -0.170615129936204 0
-0.0206599922767052 -0.437308806624693 0
-0.00010947578751613 -0.100940808661388 0
-0.0220670316288823 -0.49640327149618 0
-0.0186459103169397 -0.45430056250277 0
-0.00808085182332925 -0.313326946384 0
-0.0181477196308187 -0.183588599532533 0
-0.0199130356776839 -0.253187235683577 0
-0.0175343059825991 -0.660977848555067 0
-0.0160207801499332 -0.326769361985002 0
-0.0155269178804192 -0.181574027314824 0
-0.0158114975768447 -0.497958379660652 0
-0.00404863568461456 -0.164636326742302 0
-0.0171408310246145 -0.376556726702052 0
-0.0204255983198119 -0.618068696345566 0
-0.0171124438493176 -0.285105793028005 0
-0.0259707150023754 -0.747998743750423 0
0.00477565672709988 -0.0468018499957781 0
-0.0334289848709247 -0.276210294122693 0
-0.0139688961682817 -0.451888668304324 0
-0.0225917398481421 -0.460585764980856 0
-0.0171995667541367 -0.561179688594134 0
0.00261369749492718 -0.198118189320251 0
-0.00418429517118698 -0.194446815697116 0
-0.0128122364885487 -0.41235044593353 0
-0.0183876133095826 -0.176925292322378 0
-0.0121780762219176 -0.340183785477389 0
-0.0160885093773606 -0.391983621374051 0
-0.00332057281237657 -0.378338128946607 0
-0.00613336539309227 -0.340279937308336 0
-0.027669695723467 -0.647871747502033 0
-0.0194814388158863 -0.46747427094662 0
0.00273533292535464 -0.263122452024312 0
-0.00402803391359876 -0.219239693942468 0
-0.00929224654207005 -0.44014864855434 0
-0.00940898623516428 -0.335021521538836 0
-0.0212865151435397 -0.510529233828696 0
-0.00175057260759103 -0.261462102179966 0
-0.00338144892315753 -0.0142036789417553 0
-0.0159020877789865 -0.423872384182927 0
-0.0213817448785342 -0.569999820002408 0
-0.0316757476203326 -0.426871494977619 0
-0.0119643720029975 -0.0674427675568394 0
-0.00817027526625572 -0.433655098210859 0
