LMM GLMM GEE
-0.0150503764668649 -0.472313483646327 0
-0.00395980464203343 -0.283079849870139 0
-0.0103313045196339 -0.323141646471097 0
-0.0264120430782648 -0.300130438832575 0
-0.0435915790191945 -0.764992587897312 0
-0.0263498116090478 -0.515031840108906 0
-0.0236339502083131 -0.593142059847011 0
-0.0129676500559874 -0.442571752322159 0
-0.0207671932986822 -0.516758875736301 0
-0.0183471435947688 -0.475957463813699 0
-0.0137407791570579 -0.412885205994324 0
-0.0205301760636905 -0.658743534719482 0
-0.00582405743481457 -0.246702627853726 0
-0.0187753969892223 -0.544819619855133 0
-0.017330828738628 -0.298866600868378 0
-0.0218527408920963 -0.613760478970984 0
-0.0276608925151962 -0.585797601655703 0
-0.0142019108829653 -0.541611238371213 0
-0.0268239010407437 -0.615733661860806 0
-0.0136378266139289 -0.422835605209682 0
-0.0465660388040255 -0.747135770759443 0
-0.0475294485360248 -0.672450208064631 0
-0.0454444206644632 -0.650658950413701 0
-0.0167218606525515 -0.644081310129059 0
-0.0283301338925714 -0.538922362712244 0
-0.011437736956196 -0.362765083517817 0
-0.0185504397007874 -0.508885960366305 0
-0.00711796543576704 -0.499125905143544 0
-0.0205763405897973 -0.416936369715499 0
-0.0117528357333248 -0.305318074993648 0
-0.0133436078849825 -0.407155882242956 0
-0.0276442376954366 -0.670901773961279 0
-0.0234562053250189 -0.506766016016163 0
-0.0188092613614051 -0.615824959795268 0
-0.0216780357094347 -0.695318054667388 0
-0.0214038039954292 -0.395917209387826 0
-0.00807801217208249 -0.391435490834424 0
-0.00790631213165329 -0.544526303601574 0
-0.0160292567919546 -0.441535337750109 0
0.00234760897259338 -0.276833510149746 0
-0.0237570328419049 -0.428923172247106 0
-0.0341667616739412 -1.04629517132575 0
-0.0175124857857719 -0.514553732647856 0
-0.0223110842246791 -0.558324078503336 0
-0.022008201717281 -0.527974849640861 0
-0.0255687822891601 -0.385221856066745 0
-0.0219530157204972 -0.644218125689127 0
-0.00331201956940265 -0.265838917975942 0
-0.00926617359617076 -0.161774440205803 0
-0.0129547200736072 -0.358831985420502 0
-0.0139785272900011 -0.640154328947025 0
-0.0339599458063381 -0.746235792452298 0
-0.0213295669608428 -0.611416336665382 0
-0.00592375615000975 -0.41885824908496 0
-0.0184991357179408 -0.593260014444999 0
-0.0159020316155746 -0.511476915310083 0
-0.00564828911179648 -0.501195424000989 0
-0.0227320871952747 -0.634092237106882 0
-0.00570132073406073 -0.456410316974411 0
-0.0219527517019751 -0.572767567281494 0
-0.0424103286500498 -0.519138467147323 0
-0.0161743650954673 -0.476556939071444 0
0.000326622840030183 -0.272501102837337 0
-0.00710114091916239 -0.281324142090543 0
-0.0200953561149216 -0.501542128065097 0
-0.0318528555091915 -0.486662828122888 0
-0.0256510420980334 -0.584820304855581 0
-0.0119799879895993 -0.308628606470565 0
-0.0357919587891588 -0.824448363477867 0
-0.0110833073895341 -0.307218325138899 0
-0.0241536445268101 -0.35198565985496 0
-0.0228294686295219 -0.488704070888903 0
-0.0262777133562047 -0.540986601754666 0
-0.0171972762372269 -0.43082061136162 0
-0.0131947191526501 -0.57511708151538 0
-0.0260492051588455 -0.510031716530299 0
-0.0281065432903192 -0.455931790937684 0
-0.0168503705951633 -0.289085659238965 0
-0.0138200822442217 -0.488831449901183 0
-0.0226932553503227 -0.628928058658571 0
-0.0289379855729869 -0.706877957487898 0
-0.029563242168202 -0.515757732052219 0
-0.013045828307054 -0.427145607477927 0
-0.0336204135695322 -0.787782229024694 0
-0.0127394353536594 -0.655038904870487 0
-0.0289740166052458 -0.885268135739495 0
-0.0227356112401971 -0.682843510622044 0
-0.021966399548287 -0.484634499164463 0
-0.0361883329577162 -1.0810278947714 0
-0.0304673681990543 -0.587302029801957 0
-0.018843141519381 -0.539695394257361 0
-0.0237194710011359 -0.642918485517149 0
-0.0217532725655398 -0.215208101051252 0
-0.0143922140121542 -0.560792941136393 0
-0.0226645305048517 -0.550790180537003 0
-0.0128929651373909 -0.422707407868693 0
-0.0137567933314948 -0.442410722822923 0
-0.0124396425943039 -0.3097619676663 0
0.0086455568916153 -0.39035487141193 0
-0.0266988400589512 -0.530356775953909 0
-0.0121900757149546 -0.460885026136893 0
-0.0211479262991893 -0.423491946293041 0
-0.0188785509521288 -0.557265109516774 0
-0.000572607528116747 -0.389328536971704 0
-0.00774278462060486 -0.44299466793962 0
-0.0175191669305569 -0.575919316601821 0
-0.017894520981357 -0.471130407502475 0
-0.0306847647141862 -0.653132277033298 0
-0.0146849296906544 -0.540885253615578 0
-0.0230365396663722 -0.587406676856833 0
-0.0304707766536362 -0.739394325977252 0
-0.0127024091725901 -0.54262393519148 0
-0.0384215806232951 -0.774522225220629 0
-0.0150602114681414 -0.727801354973259 0
-0.0107913394222019 -0.28587029814891 0
-0.0208642275508945 -0.386926201182882 0
-0.0154120832856957 -0.456396869676918 0
-0.0284884500130099 -0.633302878614201 0
-0.039452795409547 -0.556371402013199 0
-0.0211442310839479 -0.703087201798663 0
-0.0159047575079486 -0.803293767491068 0
-0.0272177799687657 -0.642438302309358 0
-0.0158556973603099 -0.346574668266974 0
-0.00826686473358644 -0.279365954811857 0
4.79442485195839e-05 -0.672958790656254 0
-0.025424028067862 -0.369039233290929 0
-0.0309351923286523 -0.499285188787908 0
-0.018228331345901 -0.600683590212972 0
-0.0108056397314544 -0.397170176611173 0
-0.0134842233554238 -0.415899084902884 0
-0.0200197355335361 -0.550374209038809 0
-0.0266660030088938 -0.603273364702888 0
-0.0541008288341451 -0.522802211014774 0
-0.0281992112252046 -0.600866311166323 0
-0.021837659292083 -0.396284023951576 0
-0.021878332976865 -0.518214806601732 0
-0.0177789655883456 -0.590117676298366 0
-0.0306231491836774 -0.598220918812763 0
-0.0223741548830287 -0.688923437066081 0
-0.035367358072313 -0.418745258280811 0
-0.00939933054224018 -0.635010433248728 0
-0.00429961444020331 -0.165937270257428 0
-0.0298846314967911 -0.619927714801816 0
-0.0220004141827384 -0.483060791490022 0
-0.000703325674539364 -0.315656786817359 0
-0.0216939948546516 -0.58384975533174 0
-0.0264181815693305 -0.419749087503824 0
-0.0149122483343214 -0.706007266499716 0
-0.0288819548638944 -0.68710779276821 0
-0.020658453479393 -0.578530667352397 0
-0.036815911671563 -0.495699700513728 0
-0.00545819334851877 -0.363051603334475 0
-0.0142886538636115 -0.549457351819739 0
-0.035281773173648 -0.80393430218582 0
-0.0343660778050754 -0.732778924822864 0
-0.0190905343083621 -0.435085053267424 0
-0.00750962346590998 -0.35832056718296 0
-0.0176255543160064 -0.404752997832199 0
-0.0426999300115295 -0.522233040807904 0
-0.0333758819258293 -0.872530413827529 0
-0.024928561006657 -0.461419378564486 0
-0.0238123176477594 -0.66194281714638 0
-0.0234158303475394 -0.743888541132613 0
-0.0249485888092767 -0.510568738837884 0
-0.0139602034050867 -0.490979679769837 0
-0.0239972507258063 -0.545760443237525 0
-0.0157540333984483 -0.262336378212127 0
-0.0225245402824121 -0.46480641718724 0
-0.0166061283468953 -0.639700118368939 0
-0.0060168324518696 -0.466408816510615 0
-0.0324971469171622 -0.604413090361328 0
-0.0084576647040233 -0.302808695226646 0
-0.0205756651910085 -0.54373987786643 0
-0.0107933573749831 -0.18431044994305 0
-0.0136968171677294 -0.688116658584655 0
-0.00207783871014688 -0.574368997588596 0
-0.0269924746101344 -0.394065246494968 0
0.000921023822696394 -0.340413491327772 0
-0.0249748672532829 -0.835169698445573 0
-0.0145616235398582 -0.426520338664679 0
-0.0111832780531783 -0.393328101924064 0
-0.0185822232524202 -0.612145477004357 0
-0.0096141739844164 -0.531762808867576 0
-0.0460166592995854 -0.730582487220663 0
-0.0185201747652987 -0.424224515278224 0
-0.0169007324775313 -0.456198058033186 0
-0.0101834862786296 -0.36452450307943 0
-0.0129545664795486 -0.43744741106353 0
-0.0272447001079435 -0.748603187476243 0
-0.0167754701453365 -0.709453809056568 0
-0.033096396837838 -0.642429019885898 0
-0.00936537903296869 -0.198499667840307 0
-0.0232076648502588 -0.543978711896595 0
-0.0158566217913797 -0.6615237405712 0
-0.0216467453891276 -0.568159008337925 0
-0.0307841590594927 -0.34669006891963 0
-0.025320926837813 -0.38852283477783 0
-0.0280504030908034 -0.685165936972937 0
-0.0175219054062477 -0.51507002897415 0
-0.0223665931878434 -0.452848094547504 0
-0.0138237008186072 -0.673864789500651 0
-0.0309470478798014 -0.502993770914575 0
-0.0325727417532859 -0.655528809095877 0
-0.029408933846006 -0.543352375117169 0
-0.0177722333778614 -0.603186849078706 0
0.00473240238662043 -0.367914102930095 0
-0.0117759911010578 -0.41537443413243 0
-0.0186930570692698 -0.353407814710771 0
-0.0109271349838752 -0.3613328428981 0
-0.0154314913008197 -0.402486147876891 0
-0.0208751920989699 -0.372200470392298 0
-0.0362909770821105 -0.71100785195585 0
-0.0324535591365364 -0.437093411116057 0
-0.0174141441874781 -0.450567017049251 0
-0.0217964125365359 -0.674701664308766 0
-0.0205767323399354 -0.720848142348498 0
-0.0136187677649541 -0.824273740489801 0
-0.0311058608255177 -0.442573004743843 0
-0.0227373929658474 -0.4988656493869 0
-0.0126604722989407 -0.514272681407447 0
-0.0462580834819144 -0.667555916854739 0
0.000137392464679022 -0.153603474193713 0
-0.00859161154112836 -0.510234750628329 0
-0.00858697088976302 -0.398878321660603 0
-0.00574976349442196 -0.214555742052761 0
-0.0203713034596801 -0.587865331134357 0
-0.037370139115763 -0.637880615272965 0
-0.0224453053842401 -0.848752753431161 0
-0.00539168462716632 -0.776112436681605 0
-0.00987707592970745 -0.533029113808521 0
-0.031829278110806 -0.750905220922862 0
-0.0214113775149072 -0.412520928704067 0
-0.0171771205824683 -0.980948690995106 0
-0.0131400143164702 -0.332966409437995 0
-0.0290913850394316 -0.855398540957284 0
-0.0255946407519575 -0.708752066013128 0
-0.021188572069983 -0.568896181469219 0
-0.022729600416074 -0.493846765944317 0
-0.0405280124787282 -0.760335599023365 0
-0.0122989197706855 -0.408648912334271 0
-0.00971139698284526 -0.416186391013762 0
0.00165697710081502 -0.576396975766847 0
-0.0342493620755026 -1.00979008301213 0
-0.0193715251697991 -0.347032384718646 0
-0.0200754872692971 -0.488818639073423 0
-0.0170299756027561 -0.40777001654148 0
-0.017615377237111 -0.611827517835107 0
-0.0363145550353224 -0.763595189188952 0
-0.0232074991349193 -0.548298388596031 0
-0.0322820276798906 -0.558213950857259 0
-0.0530719195368762 -1.00728471751725 0
-0.0344727428319149 -0.719288662775169 0
-0.0116586027007027 -0.407588772796003 0
-0.0140621155217491 -0.491353945958304 0
-0.0186163461855714 -0.524049911893828 0
-0.0160259401150888 -0.7046610771485 0
-0.0181561009779164 -0.438975973547992 0
-0.0166834875321485 -0.523904850770787 0
-0.014295734059217 -0.546180016037328 0
-0.0142493964953224 -0.581564984660121 0
-0.0134382875956042 -0.357750171055777 0
-0.00959733066955384 -0.305184859935602 0
-0.0189104175937628 -0.826950986331229 0
-0.00598189251008218 -0.345456286847815 0
-0.0266454932854876 -0.6787111288879 0
-0.0122024214420979 -0.260471855579654 0
-0.0280995983447478 -0.542011384797226 0
-0.0312623136182664 -0.753636360322244 0
-0.0113536648407168 -0.394237858213656 0
-0.0310336522396506 -0.640195157447635 0
-0.0237159210854094 -0.759328472414673 0
-0.0382587980943413 -0.511676347206108 0
-0.023036446414044 -0.634219228869844 0
-0.0220742387419051 -0.553353585778879 0
-0.0305436887743363 -0.597662399354949 0
-0.00711819576308669 -0.54476156097323 0
-0.0188309052781544 -0.518405783580497 0
-0.0203174904665741 -0.535173595115157 0
-0.0244261451903945 -0.7706617432176 0
-0.0282900800109321 -0.423554325068418 0
-0.0149479764031878 -0.485316591288612 0
-0.0235383452758689 -0.524543201583102 0
-0.018533762540847 -0.641269118501798 0
-0.013047449837107 -0.571838548621107 0
-0.00946084213158255 -0.501269186256963 0
0.00354391266337862 -0.160390352103608 0
-0.0124387406679574 -0.700350854682325 0
-0.00931108940619302 -0.745729051598181 0
-0.0272584442852001 -0.841863312760458 0
-0.031003111336954 -0.709070447088285 0
-0.00834091529614317 -0.355658850085545 0
-0.0189101889597478 -0.539868377186397 0
-0.0137195868823607 -0.464379892663397 0
-0.0169469529081253 -0.389793844730396 0
-0.0180166844453917 -0.303076259580277 0
-0.0357722496378281 -0.62392146128538 0
-0.0213447321316361 -0.813705642177559 0
-0.0110093363389612 -0.50071398704631 0
-0.035731483412935 -0.645721353908716 0
-0.0198894919410558 -0.426199630050631 0
-0.0300852815275635 -0.85507356874876 0
-0.0159347256341955 -0.325096795306482 0
-0.0227786783646465 -0.57183327690632 0
0.000855563837302474 -0.124045313963436 0
-0.00930333918755374 -0.328257506917356 0
-0.0145691505272221 -0.636771346658128 0
-0.0138789703637663 -0.491697305496653 0
-0.0182074994852711 -0.551221679640316 0
-0.0219810290169556 -0.475366058641353 0
0.00832177411735919 -0.611732337189285 0
-0.0211720956529476 -0.344078489479791 0
-0.0265016599353513 -0.498242646433854 0
-0.0215921481612728 -0.420111748801053 0
-0.0230961589050256 -0.26271965672548 0
0.0129823658684432 -0.372128672765723 0
-0.019235503969113 -0.518113157483892 0
-0.0196934035152235 -0.565065423667114 0
-0.00794261389305441 -0.4372778483219 0
-0.0106417694353525 -0.313408897824808 0
-0.0199614850183086 -0.392315179193784 0
-0.0197725986891658 -0.553209362924655 0
-0.0164158271862933 -0.598822301023358 0
-0.000322883025596303 -0.329945510409593 0
-0.0106010757138237 -0.417670923674453 0
-0.0253042601930785 -0.583960828628696 0
-0.0173870547900827 -0.223027446348564 0
-0.0127388040994091 -0.575071630785789 0
-0.0386430447510549 -0.809631112074011 0
-0.00698992644065736 -0.546019532709781 0
-0.0210587280575902 -0.588009168926553 0
-0.022740926643129 -0.532885632790371 0
-0.0100477433286394 -0.31006986510028 0
-0.0170486458949006 -0.638867805435909 0
-0.00710261559868113 -0.272578590407132 0
-0.00553992451690642 -0.344043875545884 0
-0.0210320940783672 -0.678259630209839 0
-0.0111446936752257 -0.416598858117894 0
-0.018862989138537 -0.43614534735853 0
-0.0339825589389764 -0.588316394614147 0
-0.0383253879193205 -0.651252850895313 0
-0.0248572404957371 -0.650123260132239 0
-0.0328004003944327 -0.940338745854178 0
-0.0167657352795714 -0.246000678437348 0
-0.0163661570038567 -0.356289883775346 0
-0.0193109764287332 -0.473785786924936 0
-0.0215385620431731 -0.582665676574988 0
-0.0273012675209351 -0.716456448978583 0
-0.0303665316990893 -0.505527669764762 0
-0.00796926885676207 -0.199767960206291 0
-0.0147243062143445 -0.420983682272804 0
-0.0265320097177436 -0.517484215238675 0
-0.00787775073790084 -0.474031154292811 0
-0.015965787743909 -0.542872982829097 0
-0.0155340355108495 -0.528214883368978 0
-0.0176650011658903 -0.588570123194732 0
-0.00654987275459731 -0.253883159352739 0
-0.0142454917743524 -0.51619371996263 0
-0.0198679752670574 -0.671921385304571 0
-0.01704995228584 -0.531117604758837 0
-0.0185772073077453 -0.469216545444612 0
-0.0220351943083591 -0.818725596095348 0
-0.0208740918021433 -0.616796844818346 0
-0.0204530197983888 -0.728899771498557 0
-0.0217600872441739 -0.716988248749695 0
-0.0160027257916902 -0.352943301662571 0
-0.0074564022447538 -0.262871468323313 0
-0.0249972580438329 -0.846622011937936 0
-0.00909040010950866 -0.436352771839916 0
-0.0150459397185632 -0.407044784085207 0
-0.010939341979154 -0.359014218076201 0
-0.011883133364553 -0.249135452613524 0
-0.0173573287962656 -0.460857562138709 0
-0.0305149087508639 -0.606449913254059 0
-0.0234197903009894 -0.556052622424361 0
-0.0160047127927431 -0.361223712101518 0
-0.0376250952942862 -0.678073390363025 0
-0.0179279046340804 -0.317427673401926 0
-0.0176863628919484 -0.672033644245264 0
-0.0313783625939737 -0.617458229534738 0
-0.00488744624047221 -0.520239558350951 0
-0.0113476437163271 -0.558458339209449 0
-0.0250490500285136 -0.723889730201694 0
-0.00734803359718973 -0.356260244005933 0
5.13053053699135e-05 -0.536616990441752 0
-0.0342381883452669 -0.677977937260382 0
-0.0208602435417307 -0.562098681119311 0
-0.0234113998143293 -0.692686351961071 0
-0.0277521429199387 -0.529734942517021 0
-0.0192119810327695 -0.532198857354298 0
-0.0200944732133548 -0.718656730100155 0
-0.014126277053464 -0.354234447684006 0
-0.0058138974934032 -0.380091637114053 0
-0.0125106203690864 -0.511272436412891 0
-0.0154215873569487 -0.3334629649278 0
-0.0127405177303712 -0.477773201263729 0
-0.0197187120534218 -0.463714667477954 0
-0.0288751134021667 -0.584557473982803 0
-0.00756626194744812 -0.680747090182178 0
-0.0304205042582901 -0.727025617967474 0
-0.00951601019287805 -0.264702912302003 0
-0.0129105339732522 -0.362022165192291 0
-0.0218517503074387 -0.520622511311418 0
-0.00929926599420835 -0.487207749467341 0
-0.0193848567719032 -0.488712583414505 0
-0.0345124554847469 -0.793814942135056 0
-0.0106982215409724 -0.380461358050953 0
-0.00918401148905217 -0.355893253393078 0
-0.00383555116563797 -0.244322653370165 0
-0.036167465630606 -0.546063659338578 0
0.00249121983548699 -0.382745643137855 0
-0.0242475597386693 -0.544681655385641 0
-0.0236448828612356 -0.790442247761102 0
-0.0271432148774261 -0.405787831064938 0
-0.0218920278372209 -0.640674538044429 0
-0.0110036113426844 -0.420140484245659 0
-0.0249452512183834 -0.756236490611687 0
-0.0155623562153375 -0.406757646577486 0
-0.0153811341639532 -0.433145188909561 0
-0.016477454574836 -0.544354111770627 0
-0.0339345577117897 -0.39816782762958 0
-0.0199416583159376 -0.617944306318105 0
-0.0087955685122116 -0.370929895844253 0
-0.0248971165603863 -0.281720361986147 0
-0.0179725932425475 -0.506188731345581 0
-0.0142545215104245 -1.01741315118355 0
-0.0294756691925102 -0.498896564356547 0
-0.0163886214013943 -0.57978620899662 0
-0.00535583996139543 -0.837864624455947 0
-0.0138393448194885 -0.499336157833275 0
-0.0188616336654516 -0.264933322994668 0
-0.0202415327417265 -0.518915225007316 0
-0.0349204205572222 -0.619195007389201 0
-0.00683809415062896 -0.149009175793822 0
-0.0358590962051572 -0.699230935944523 0
-0.00953899510837912 -0.460841213159903 0
-0.0442540583330375 -0.618673049114815 0
-0.0157869381582018 -0.285487549882328 0
-0.00438296331256887 -0.168795350957186 0
-0.0192803491826091 -0.680397184269952 0
-0.00959820283902853 -0.458603114763994 0
-0.0108200778897237 -0.448352639481757 0
-0.0213531723870063 -0.917438063457299 0
-0.0226033812424547 -0.612798244421302 0
0.00103548813675276 -0.738248332281054 0
-0.014093278409023 -0.529877611938342 0
-0.0164228595299352 -0.586170152216239 0
-0.0152780623192405 -0.886701282073807 0
-0.00996099638695928 -0.552357316128779 0
-0.0290584883225504 -0.707478961832851 0
-0.0251955844010754 -0.44458376946506 0
-0.0249296830342823 -0.398368601321248 0
-0.0205597116308222 -0.410262169795265 0
-0.0241955912897852 -0.627946979132159 0
-0.0327855722399812 -1.01294908499234 0
-0.0273016042238648 -0.858172600200465 0
-0.00827247462515442 -0.38021403371001 0
-0.0185259210119517 -0.580245344495091 0
-0.0213260878836376 -0.289711494652051 0
-0.0132656243376474 -0.445169740785324 0
0.000721948505069982 -0.177613870855552 0
-0.0313244974761819 -0.377084324466466 0
-0.0212387725010831 -0.650812176388312 0
-0.022106736012693 -0.507843861618797 0
-0.0314868539608736 -0.745251385757336 0
-0.0195454535926254 -0.50326004003712 0
-0.00616159319396839 -0.421326770707017 0
-0.0034990922568608 -0.165545055656852 0
-0.020340129555691 -0.403567088116801 0
-0.012166378355995 -0.600995727715804 0
-0.0099868418018955 -0.326202495040962 0
-0.0158219779198431 -0.48893290904483 0
-0.0133404496771088 -0.354912754570038 0
-0.0223611720720462 -0.676655930014601 0
-0.0277624833540496 -0.678855196690221 0
0.00632921395780703 -0.25357107506425 0
-0.0166688491099304 -0.479247961395186 0
-0.0194555666269123 -0.687292286442063 0
-0.0313983432012434 -0.744081245130993 0
-0.021974670829161 -0.556928351219289 0
-0.0229034540223994 -0.520242874033936 0
-0.0255152774826594 -0.550196613124449 0
-0.0320382369432323 -0.596759735532174 0
-0.00927815403584015 -0.149406014984636 0
-0.0100941755058293 -0.563918795873807 0
-0.0100412253486641 -0.593118788258564 0
-0.00927038943068298 -0.463794868706383 0
-0.0189866075188273 -0.463017284306476 0
-0.0262937864731454 -0.631439066064325 0
-0.0231758704047786 -0.609928680883698 0
-0.0090897997819298 -0.571785094427272 0
-0.0262347527946571 -0.898237095047283 0
-0.0120578622254658 -0.51508624940075 0
-0.0232281969674175 -0.682040161680863 0
-0.017991482034567 -0.357689687656932 0
-0.0219969700793111 -0.56935892171048 0
-0.0291689651651062 -0.709858743757836 0
-0.0148940869576781 -0.37066571094495 0
-0.0214728759743692 -0.644155760291916 0
-0.00671040512364466 -0.332195288930615 0
-0.0128442590876528 -0.461663816080202 0
-0.00959493164929789 -0.325604361147781 0
-0.0257332989706095 -0.396376882734499 0
0.00181317611726472 -0.0700732444288832 0
-0.0106410601803874 -0.566860733424431 0
-0.0100217250249343 -0.343252764933781 0
-0.0129957439835163 -0.383112296255084 0
-0.0007433298675663 -0.306230918911147 0
-0.0299460273362103 -0.770204438700634 0
-0.0154751639467814 -0.683563541700369 0
-0.00448157491487743 -0.276509506567175 0
-0.0374984237601518 -0.515217643371099 0
-0.014385082123923 -0.806679938334329 0
-0.0189447270396796 -0.527849450240687 0
-0.0131925876702818 -0.500220408077083 0
-0.0166034407322413 -0.405401754461354 0
-0.0201409743030011 -0.405338789101204 0
-0.0186312980855809 -0.507614430858284 0
-0.0200368447871076 -0.515955276375083 0
-0.0233714682154097 -0.643651577223688 0
-0.0154716307987423 -0.434105788843237 0
-0.0291293009939363 -0.741969677563395 0
-0.0363843580620267 -0.906255032548742 0
-0.015270529785401 -0.314406792058866 0
-0.0312750224193245 -0.967442895764912 0
-0.0235291099069309 -0.525298567737905 0
-0.0104729292127113 -0.588013234510543 0
-0.0237169913675063 -0.430635341242383 0
-0.0279453534171658 -1.00131239755002 0
-0.0171101711697766 -0.214244069696857 0
-0.0184920302929056 -0.436357793007996 0
-0.0212811987081867 -0.701721766341708 0
-0.0231544595794287 -0.450883523955123 0
-0.0127821124168175 -0.504786924206153 0
-0.0175116694484511 -0.703453309248333 0
-0.00856114680771706 -0.266711583608492 0
-0.0191330859778045 -0.504319066241564 0
-0.0181998418636089 -0.599955549468619 0
-0.0219396308671132 -0.539017467880428 0
-0.0216162175962833 -0.642456058396413 0
-0.0452091918100408 -1.04483952137045 0
-0.00328331107501915 -0.401949125929843 0
-0.0301130054174883 -0.522185237674137 0
-0.00274811081110919 -0.398173562356181 0
-0.023303689425418 -0.579711874154768 0
-0.0152284249120074 -0.289623213474462 0
-0.0060434275821317 -0.453714310538774 0
-0.0143201122717373 -0.499643162177348 0
-0.0172681531639341 -0.623828876574215 0
-0.0200743449020305 -0.661096438144329 0
-0.02737338667507 -0.704190694506698 0
-0.0286324830765838 -0.785668393235948 0
-0.0298993912510977 -0.617221454072287 0
-0.0229393969941886 -0.580294922444329 0
-0.0200984402937929 -0.751028533743047 0
-0.0268624821352669 -0.584752838610322 0
-0.0149038686274961 -0.343542529235694 0
-0.0215080012691856 -0.841394121552675 0
-0.0277785811401212 -0.542692178851623 0
-0.0188872249860506 -0.741226779376334 0
-0.0303017240476483 -0.748330413598798 0
-0.0197479077487741 -0.731683443701693 0
-0.0352956073545407 -0.717566577104028 0
-0.0179184484805208 -0.518828734515432 0
-0.031284597146639 -0.864558934095548 0
-0.0196426891653017 -0.57479926249488 0
-0.0176109099180964 -0.382519097103962 0
-0.0118213119332974 -0.624149286530789 0
-0.0263466950799537 -0.58725039182278 0
0.0194104811989947 -0.183921696966924 0
-0.0288061378825854 -0.628882769798759 0
-0.0228237480377244 -0.498395990863483 0
-0.0200938829822055 -0.562074544048639 0
-0.0244184087255087 -0.570498656309005 0
-0.0260913490924997 -0.477213896180683 0
-0.021204701573094 -0.521705426981795 0
-0.0273686739388502 -0.552511898998867 0
-0.0259196445431129 -0.536653734816647 0
-0.0165007854164496 -0.599250623469539 0
-0.0173234556362581 -0.260979521315297 0
-0.0251561481617801 -0.4630658218006 0
-0.036005169481764 -0.809063544298073 0
-0.0256513621435057 -0.516990409272631 0
-0.00936243516036586 -0.184610200623765 0
-0.00579348404360066 -0.353185284781922 0
-0.0207872213882085 -0.55903627419024 0
-0.0213782736499051 -0.433299899708527 0
-0.021658713344262 -0.58495786164455 0
-0.012932592440793 -0.509823977446964 0
-0.0190920154212254 -0.4672663555406 0
-0.0146340377471661 -0.43529443805345 0
-0.0127348681891975 -0.711292637806717 0
-0.022154592448807 -0.578777230112632 0
-0.0208366834804482 -0.548352750978742 0
-0.0256426575693336 -0.70081986823513 0
-0.0159733105484486 -0.153914520914712 0
-0.0240503361803139 -0.557926392320392 0
-0.0155692751641061 -0.365339576006055 0
-0.0181873167209346 -0.616400454280451 0
-0.0266649094136875 -0.709707821209208 0
-0.00173420429834756 -0.403494164785306 0
-0.0283060252664295 -0.776313836563127 0
-0.022037110081185 -0.608106566588801 0
-0.0157293060751192 -0.374332001557524 0
-0.0312485185495254 -0.870742659216341 0
-0.0119989315606921 -0.494525335871873 0
0.000912547799699163 -0.366421949567916 0
-0.00297350119776983 -0.257852828771429 0
-0.0431367900550923 -0.611777192004676 0
-0.0067219809777644 -0.341304591842667 0
0.00130704923047586 -0.293757712542787 0
-0.0341090570433968 -0.887025658615547 0
-0.0146108982344645 -0.524594600082528 0
-0.0121843151700691 -0.398233718757398 0
-0.0173983027778317 -0.410648182594399 0
-0.0201425407148378 -0.756948487291388 0
0.0131186046882464 -0.355639760071241 0
-0.0159874854625081 -0.371122929305116 0
-0.0191037031099345 -0.436674192463427 0
-0.0290559337057442 -0.347289380227139 0
-0.0219440978147054 -0.21022899696923 0
-0.0350219946831387 -0.721187081414326 0
-0.0257901688153443 -0.556761447455625 0
-0.0237274129447256 -0.627614204541426 0
-0.0410511517439476 -0.721753710660668 0
-0.0172995062143103 -0.434021978103922 0
-0.00866592141426062 -0.490763361385716 0
-0.0176030735813731 -0.422842679438011 0
-0.0159867497347358 -0.494012062363061 0
-0.0369927503463115 -0.905005334283597 0
-0.0240925241223554 -0.594432197825589 0
-0.0340236222817294 -0.896703261939186 0
-0.0196907977532274 -0.545395622397883 0
-0.0346929626027491 -0.759104119272771 0
-0.0189969059557909 -0.594743906149883 0
-0.0093209541474572 -0.352137610014479 0
-0.0263375708518771 -0.539031843609066 0
-0.00988454730800263 -0.21170597703032 0
-0.00866186615675279 -0.199309255099228 0
-0.0249057850700277 -0.521445645391245 0
-0.00895849250533276 -0.506453855120445 0
-0.0167895540744843 -0.566776233079386 0
-0.0197987343293364 -0.723623771049695 0
-0.0140886857016556 -0.521224550359577 0
-0.00947267573970126 -0.343544449341467 0
-0.0178105801881646 -0.414256509886636 0
-0.032009144651108 -0.544845658797655 0
-0.0440934359971349 -0.790305563353477 0
-0.0178377865126487 -0.605182197557181 0
-0.01791292498836 -0.542873616862873 0
-0.00653383173977445 -0.254120908922293 0
-0.0193276969731071 -0.610265518844837 0
-0.0147692206636283 -0.572179574135844 0
-0.0154609859360879 -0.529066552764447 0
-0.0156346382545599 -0.550654196526614 0
-0.0168932957511191 -0.57287320766073 0
-0.0150799405787428 -0.622765084887379 0
-0.0198220878865773 -0.599672112617478 0
-0.0280163439435826 -0.661067248327656 0
-0.0227660332935493 -0.550124017555325 0
-0.026939703608131 -0.565367879527138 0
-0.00916704077121807 -0.411126255309995 0
-0.0136948149472928 -0.688745562836097 0
-0.0188113806507425 -0.643256238030254 0
-0.0258357409609584 -0.506992522403402 0
-0.0138977547106444 -0.297025195711684 0
-0.0250910277668054 -0.585157541850742 0
-0.0160384642047295 -0.416927573940183 0
-0.0128884439816988 -0.680680535054357 0
-0.00521243042655511 -0.354044260608051 0
-0.0190508608462094 -0.402205935544053 0
-0.0348623257160505 -0.718204592575481 0
-0.0182064187553151 -0.405817411156949 0
-0.0166669358667265 -0.516526278520216 0
-0.0375336876140591 -0.737658743428571 0
0.000717960012765314 -0.505445206138335 0
-0.00897872634528637 -0.410105972486673 0
-0.0121926472751233 -0.389125215639908 0
-0.0124141714129973 -0.529056200090009 0
-0.0195738587766852 -0.471125748397925 0
-0.0355555801455481 -0.919379107242292 0
-0.02229554904015 -0.399160135726408 0
-0.0120547090359126 -0.515444364057281 0
-0.0109659928475202 -0.137250127949669 0
-0.0315689746164669 -0.738274059743897 0
-0.020324629474739 -0.752878326579419 0
-0.0235536382044989 -0.516546015773289 0
-0.032406444249632 -0.487990316028705 0
-0.0252822694588404 -0.754266100436535 0
-0.0211680729094312 -0.590546187018656 0
-0.0251268975798298 -0.356825295372101 0
-0.0116277128897414 -0.352668974594261 0
-0.0182583911419454 -0.632434210467345 0
-0.0329808042224842 -0.258342173052054 0
-0.0190199340706005 -0.1053549063874 0
-0.0242488628625533 -0.495115254651263 0
-0.029630424874736 -0.513850148889134 0
-0.021543707571491 -0.567289442384488 0
-0.0259102826310738 -0.75317582843198 0
-0.0128033499440654 -0.426367428580007 0
-0.0178241676791549 -0.478294243074563 0
-0.00984094061295641 -0.474358220970614 0
-0.0209440573814308 -0.566519592133641 0
-0.0277689141382485 -0.849121197940912 0
-0.0242511806692032 -0.61790973055988 0
-0.0216039460077141 -0.237296324715727 0
-0.00574688033498197 -0.656491328362965 0
-0.0261087210831654 -0.815175817275158 0
-0.0298554063447671 -0.851423069445384 0
-0.0420893120126783 -0.770980655675685 0
-0.00801670523447079 -0.429797070662628 0
-0.0138938835740209 -0.165572545817006 0
-0.0115728917063007 -0.597132562419047 0
-0.0225418856674019 -0.623370550967394 0
-0.0089918960092875 -0.185987972621136 0
-0.01553396121139 -0.768290755755794 0
-0.0065536695111045 -0.0194572846952356 0
-0.0120261954071581 -0.259317725982708 0
-0.0143162843047777 -0.417083234852379 0
-0.00305760136636878 -0.261980055469958 0
-0.027303233530073 -0.397890022450435 0
-0.00455872662453325 -0.258753941293675 0
-0.0253202056902717 -0.592876536293349 0
-0.0148944630397219 -0.547074699032291 0
-0.0311282039684461 -0.81544223200099 0
-0.0260209459101268 -0.586940618303574 0
-0.0154462484932184 -0.411456661257797 0
-0.026173170971325 -0.693502708721886 0
-0.00238097638978999 -0.340394888926578 0
-0.000946920938412126 -0.317665123102987 0
-0.0121751263504953 -0.496810700445576 0
-0.0130283153451921 -0.587628184198561 0
-0.0226233903545784 -0.718443391937705 0
-0.0214081213040718 -0.425151691118149 0
-0.0114614862835761 -0.285612044307415 0
-0.0140749752037658 -0.467205645357966 0
-0.0284728707370425 -0.55051754675085 0
-0.0190477414211696 -0.459655523967906 0
-0.0125023273270948 -0.496642278440448 0
-0.0286240220152871 -0.648248015137897 0
-0.0230783490096307 -0.678074681863445 0
-0.0280645312763951 -0.597002009264928 0
-0.0122679476206548 -0.562273737223742 0
-0.00715198835876994 -0.360422340351807 0
-0.0174717741196588 -0.574359635946239 0
-0.0275894883962745 -0.590775369784626 0
-0.0195234980151601 -0.53585443256794 0
-0.0239637793556236 -0.544963403123549 0
-0.0210049547198465 -0.780923793246482 0
-0.0243532048482391 -0.763400476716946 0
-0.0389577433354324 -0.50544824335456 0
-0.00272642465038983 -0.0189410413541802 0
-0.0175702249438104 -0.431749600481398 0
-0.0229262486278734 -0.550755342093174 0
-0.00769318203175001 -0.48989388798028 0
-0.0172665341602495 -0.333341048905408 0
-0.0106422263315669 -0.524214882287392 0
-0.00762478501548448 -0.697348482884063 0
-0.0288662835944464 -0.469862326895081 0
-0.0241767814109688 -0.536180332570632 0
-0.0213817428449269 -0.742291322395186 0
-0.0251130341251778 -0.610211216433442 0
-0.0373119979793889 -0.49336623459938 0
-0.0267943001747897 -0.731026796120052 0
-0.0169974653727082 -0.52913973235735 0
-0.0277085073929822 -0.723208392285353 0
-0.0162294845540041 -0.470543527430329 0
-0.0134133970942118 -0.547657207719688 0
-0.0230114163322749 -0.581511808107407 0
-0.0247400329757128 -0.692838961083309 0
-0.0281567090457432 -0.630827203122033 0
-0.011078756619718 -0.383596534636422 0
-0.0174062245545073 -0.450083410222588 0
-0.0384661478761857 -0.970530327105936 0
-0.0164748693564568 -0.490484971413753 0
-0.0180864615094304 -0.671885024393193 0
-0.0258561262619444 -0.566843404564235 0
-0.0156766148189158 -0.507528967898108 0
-0.0133336765830947 -0.500866719468121 0
-0.0156088970202973 -0.464174998801852 0
-0.0138333125835061 -0.513650561096945 0
-0.000271285987614541 -0.50497008454843 0
-0.0317132385144676 -0.533978467389962 0
-0.0404397117851401 -0.70637329916961 0
-0.0273011657107616 -0.418782560106129 0
-0.0323818612038248 -0.858251199933795 0
-0.0293937645276514 -0.411697361210405 0
-0.0160937712466811 -0.288509171552593 0
-0.0515235062357422 -0.655476014840356 0
-0.0191459234319209 -0.472795397213854 0
-0.0135165267543753 -0.436410583799628 0
-0.0205453487336301 -0.528357026020893 0
-0.0215251365444903 -0.43130741467237 0
-0.0260226049819292 -0.485772544421251 0
-0.0272081515140008 -0.715708614424457 0
-0.0258777930431324 -0.462328819213308 0
-0.00882169584103527 -0.34240744575183 0
-0.000918926522175516 -0.200962636197858 0
-0.0253001093465942 -0.581652706840674 0
-0.0031460905445731 -0.22387386489123 0
0.00551386436325977 -0.540156785749949 0
-0.0113185217780889 -0.414640258220694 0
-0.0284525260292102 -0.712158857141709 0
-0.0378904249851341 -0.898780191284969 0
-0.0110677286025901 -0.384780063130136 0
-0.0166870687123833 -0.428143816108217 0
-0.0109495017538594 -0.593874551684486 0
-0.0151507562583841 -0.337308043635498 0
-0.0253478971500865 -0.695350918582829 0
-0.0100469787630141 -0.361982681221171 0
-0.0189840372387714 -0.479831798481848 0
-0.0432741187535324 -0.711293434546631 0
-0.00665756618494439 -0.394018958856414 0
-0.016876013942983 -0.513392784774296 0
-0.0110657048348653 -0.442643209876506 0
-0.0114998641260148 -0.59885873929179 0
-0.0141928097173092 -0.450787512517832 0
-0.0355359067499174 -0.814580348744527 0
-0.0322543598223169 -0.593575514884026 0
-0.0295553499413714 -0.922102213525176 0
-0.0188845217856412 -0.433270014175437 0
-0.00355025150639218 -0.43658958587858 0
-0.00599849053315561 -0.419046078600619 0
-0.0187010289416415 -0.754210683520239 0
-0.0170764904334965 -0.416532682381647 0
-0.0289318765629788 -0.590987064051363 0
-0.0314135762076864 -0.741971472340372 0
-0.000619915763897216 -0.324532976368151 0
-0.0219998271214128 -0.645332879166376 0
-0.0123841586813698 -0.409950946396172 0
-0.0258779788205583 -0.647137782794042 0
-0.0196137264962949 -0.437910272684913 0
-0.0200974000416806 -0.543554281816562 0
-0.0298817875319313 -0.960505194707384 0
-0.0225077980176344 -0.554890995027803 0
-0.022507936401612 -0.624408128261364 0
-0.0255415022881108 -0.64259981866038 0
-0.0113116943376207 -0.422734955440243 0
0.000292574360908356 -0.658732803172123 0
-0.0107045714413517 -0.404058286649761 0
-0.0226700146643061 -0.615724403009662 0
-0.0169518910492418 -0.535092398113631 0
-0.0335121522237609 -0.892529024489242 0
-0.0127062315936073 -0.35512361653033 0
-0.0192782497094201 -0.670408682731356 0
-0.0144295241491682 -0.516684872890225 0
-0.0162232271303408 -0.181668122288399 0
-0.0164090145229666 -0.430677513313377 0
-0.0316997295455111 -0.665136517191764 0
-0.025117936156158 -0.698996684171018 0
-0.0287946371966766 -0.595734334067544 0
-0.017429384390686 -0.449903948595706 0
-0.0214219411951108 -0.638615088795064 0
-0.0102135607527917 -0.594123252345105 0
-0.0079500101204544 -0.425906840358071 0
-0.01977840665302 -0.408224564076696 0
-0.00799592752673616 -0.481836103625706 0
-0.0266923694154189 -0.712386494868316 0
-0.0151810264366632 -0.332721776559489 0
-0.0268414922962965 -0.623573528927815 0
-0.0260565915943715 -0.597277549042355 0
-0.0157936312523237 -0.568761544773263 0
-0.0210700837388848 -0.602623036911786 0
-0.0147706847296419 -0.696986988116347 0
-0.0299362053969748 -0.440419664332002 0
-0.0231844907618134 -0.517464008959708 0
-0.041754531143768 -0.513425995576142 0
-0.0223616533098053 -0.876672255786266 0
-0.018784236250534 -0.554067173161645 0
-0.0240202736860955 -0.505792885080626 0
-0.0264594454000503 -0.432829845521715 0
-0.0292331571473537 -1.04920166709505 0
-0.00553287438713631 -0.403514621358718 0
-0.0208485990282198 -0.559859925871479 0
-0.0116264868893824 -0.27272506244326 0
0.00408235174307957 -0.373664875262977 0
-0.00392160810442578 -0.408135740147505 0
-0.0121252556835165 -0.307426880112833 0
-0.0172161099181118 -0.418901971991917 0
-0.0216165313972495 -0.409155415276186 0
-0.0036343811996106 -0.175442900751564 0
-0.0301667063000552 -0.48591165693328 0
-0.0128333212455163 -0.812360841802226 0
-0.0220424145491186 -0.499156744001676 0
-0.0222940798523493 -0.577475371698999 0
-0.0318572585537923 -0.672651260977815 0
-0.0241791152430309 -0.575318941703828 0
-0.00836944698969507 -0.544807225138289 0
-0.0345791061518454 -0.857192189112543 0
-0.00562246276585778 -0.310571025058457 0
-0.0157802301884676 -0.546676607091102 0
-0.0327350711436687 -0.835907365548167 0
-0.0178389441672289 -0.563066189237726 0
-0.0218998591243141 -0.475203783979915 0
-0.0320257601038896 -0.519492512196681 0
-0.0205513325244277 -0.687413189996712 0
0.0034952494481761 -0.146990100735077 0
-0.0220555058924249 -0.589817025359222 0
-0.0199492938352434 -0.54396715771607 0
-0.0340146791825171 -0.884702115407602 0
-0.00244307497912012 -0.645599614078484 0
-0.0143930517408152 -0.344116453907889 0
-0.00872011722728063 -0.427691492725187 0
-0.0285836690735154 -0.705288554047816 0
-0.0216859002130374 -0.374078517029703 0
-0.0253460325454269 -0.761817949867623 0
-0.017384707383587 -0.325156065437112 0
-0.0100841769805679 -0.322118966379556 0
-0.0251143459247224 -0.864433565061612 0
-0.0396413012984558 -0.811766500313994 0
-0.0184451122297928 -0.5935937995412 0
-0.0229201353279408 -0.802964659705711 0
-0.0254453825322017 -0.706818590598399 0
-0.0290102501646887 -0.777840636996581 0
-0.0210369533130323 -0.867012364379661 0
-0.00884948168922101 -0.272388336556342 0
-0.0141939761757372 -0.434342265878603 0
-0.00846313318688143 -0.785017706356504 0
-0.0141231776827614 -0.633145497773392 0
0.00653675589358434 -0.365883064242964 0
-0.0181033370941231 -0.437924811128468 0
-0.0239461347801982 -0.712457824966014 0
-0.0169365419355497 -0.48510565688978 0
-0.0166485271968207 -0.306394791771739 0
-0.00589229350803508 -0.574893613047935 0
-0.0235411138803495 -0.600502847263349 0
-0.00319258486935744 -0.405036751677784 0
-0.0228716276101456 -0.527776698514121 0
-0.0224057890379537 -0.512857226249105 0
-0.0151942127069477 -0.577851480648159 0
-0.0256923925129249 -0.730940284972325 0
-0.0190581250009487 -0.541960190323483 0
-0.0238744791377709 -0.899127975824886 0
-0.0239933987576598 -0.651235755001734 0
-0.0192741384967619 -0.562260982315514 0
-0.022441803945665 -0.542014548420856 0
-0.0112730028483725 -0.367300148365577 0
-0.0233824213105401 -0.459723409759641 0
-0.00996389198726748 -0.252493376459092 0
-0.0233422237127141 -0.652877401036952 0
-0.0354453542549782 -0.448116379264963 0
-0.0253972661364611 -0.241275829621244 0
-0.017645188860797 -0.32234202792127 0
-0.0215944952494524 -0.427139014858568 0
-0.0212663956156838 -0.649035164716284 0
-0.0323361562583215 -0.569609524865412 0
-0.0207654826853738 -0.444792022692483 0
-0.0290857975488136 -0.513411256408991 0
-0.0162680251993345 -0.518038167803084 0
-0.00723873859991776 -0.345297431402251 0
-0.0147791997308731 -0.471112158765234 0
-0.00717557025526447 -0.379707762537779 0
-0.0480803103126879 -0.874714669313921 0
-0.0137621193100044 -0.275565149751883 0
-0.0236135836190904 -0.351516689309839 0
-0.0307765396786598 -0.763002223657469 0
-0.0181756543492865 -0.605602329912588 0
-0.0230926509504051 -0.354685645530391 0
0.00362245622467416 -0.0652426196345698 0
-0.0233165731392961 -0.601045005614488 0
-0.0337796852610478 -0.624233913242134 0
-0.0242915468895523 -0.557246275299018 0
-0.00778418252180176 -0.147132536277466 0
-0.00879186919229753 -0.54265688568691 0
-0.0170697629512354 -0.701917380105731 0
-0.03492275992713 -0.481193325923254 0
-0.00472197013292154 -0.511100887417164 0
-0.0128457683824014 -0.576447078453011 0
-0.0233989001005288 -0.711804538511582 0
-0.00939356551249553 -0.422271691286587 0
-0.0181121914222115 -0.53947538350746 0
-0.0126025003578756 -0.478904252046103 0
0.00551140688465237 -0.29498208097161 0
-0.00931132812002245 -0.446028194199022 0
-0.00756475842157668 -0.178124999465954 0
-0.020028357512502 -0.736144448095896 0
-0.0155935740861708 -0.365805546896112 0
-0.0219778018379849 -0.677234348322204 0
-0.0242668173214031 -0.350682127169509 0
-0.00645798089532756 -0.326060520721348 0
-0.0330390465090839 -0.763051919624697 0
-0.0189041449048527 -0.589923439496319 0
0.0128481133183699 -0.460877525622619 0
-0.0108557575656338 -0.321911919862466 0
-0.0219664643239072 -0.530326186264 0
-0.00908717258598278 -0.2695279569173 0
-0.00620812216566779 -0.489466908226871 0
-0.0208047515153073 -0.422414882734233 0
-0.0241744596527205 -0.563200345188677 0
-0.00889705356336692 -0.60503744213033 0
-0.0280912665904757 -0.562097262940018 0
-0.00605370460724224 -0.369953061980475 0
-0.0241448169070153 -0.731642438441231 0
-0.0174561814881794 -0.687282038279242 0
-0.0241523791895473 -0.610098926066801 0
-0.0327389716327489 -0.392028012389097 0
-0.0263449378840692 -1.00676531677297 0
-0.0105278839143313 -0.285994288473384 0
-0.00198614421616405 -0.489931214515229 0
-0.0157612562587845 -0.443766330691433 0
-0.0351007666132636 -0.729655595781201 0
