LMM GLMM GEE
-0.0167607851560175 -0.407567787105067 -0.396122638775128
-0.0251270119077312 -0.658797443106398 -0.645625981828818
-0.0152006614117608 -0.406119592195155 -0.382418417221874
-0.0188118130487235 -0.426921265509228 -0.433524281376744
-0.0192703737970784 -0.426238144401206 -0.435963935089265
-0.0117776429450315 -0.385479495676111 -0.361365740929477
-0.0159883381230726 -0.441342069954667 -0.432222999461349
-0.0175389395156379 -0.448594774522612 -0.4628226894465
-0.007 -0.180102618547465 -0.196175549917231
-0.00992308473037649 -0.265114423131677 -0.262297318796559
-0.0113394921776653 -0.306220364578687 -0.296707899223828
-0.00959848111292792 -0.267751815240038 -0.253607130554149
-0.0192763649971365 -0.482437989472983 -0.497021038374166
-0.0187242918001438 -0.500750061785998 -0.527515471052573
-0.0176300664259058 -0.488954603217195 -0.486189618677359
-0.00601113632572531 -0.13742333798056 -0.118342564822657
-0.0244027389660415 -0.644393908934688 -0.618427891139277
-0.0141733748196824 -0.306746162712002 -0.289412512276137
-0.0122292896631766 -0.335057966796195 -0.317932503079914
-0.0260226173496595 -0.654864971519239 -0.69576550498046
-0.0130180592190664 -0.298910219935169 -0.310012088186581
-0.021072578828458 -0.537987881246655 -0.587117523617412
-0.0113573366623774 -0.283791536810708 -0.277122745882385
0.00996226905563455 0.217476347431785 0.231458041446565
-0.0284962047677751 -0.681608238499733 -0.664071914863824
-0.0212810795932129 -0.505263171652712 -0.503278314749514
-0.0141707005427071 -0.35675951457643 -0.351260343728402
-0.0137834568417936 -0.351754765580267 -0.328680316609416
-0.0170750383342381 -0.422311975931284 -0.432248365726137
-0.0184972431313966 -0.40380685902726 -0.398752997212061
-0.0154116514045725 -0.371028069031941 -0.383383729076632
-0.021658635974048 -0.670018830577657 -0.662155906821192
-0.0177239823600731 -0.478014379405741 -0.467794364086953
-0.012222916283545 -0.287913381255515 -0.31207744946393
-0.00332544490140454 -0.0811335205610348 -0.0797408031649434
-0.0095709432410429 -0.227392571959532 -0.231248888084925
-0.0210004990868151 -0.585262483471398 -0.572320172159541
-0.0229051386751017 -0.582656655178397 -0.54722423290775
-0.0229922378614536 -0.669701374031297 -0.641840217585815
-0.00715733688985029 -0.141416965577855 -0.143920845026537
-0.0214301239668387 -0.624504746691575 -0.633389904294093
-0.0240221194407743 -0.55302404994979 -0.565781940106165
-0.0162196014374102 -0.380658888857642 -0.384829729934541
-0.0161433450226893 -0.375061252532718 -0.392126317606847
-0.0158136190408145 -0.398120463190323 -0.401940441669511
-0.0219505720956684 -0.539234964071243 -0.538354553868465
-0.020465359917432 -0.472020872944714 -0.482674160413241
-0.0216810352262598 -0.612617561778214 -0.59794554423167
-0.0225422063442573 -0.597548664567668 -0.573240767456915
-0.00732416239784033 -0.190405565229612 -0.184923259064323
-0.0160793561129806 -0.390699415351312 -0.388980018337631
-0.0211449084508383 -0.622553735743955 -0.622739048358628
-0.00357875342219564 -0.0954486700356793 -0.0905062160265699
-0.0168329275906163 -0.439342603618103 -0.43313028893891
-0.0213494871303306 -0.553830575754017 -0.555048796181809
-0.00680559604633604 -0.142883991449092 -0.137188364983466
-0.0161819961463345 -0.441272597860966 -0.446034897003697
-0.00918491204941261 -0.241072369652592 -0.234644700170571
-0.0115079829204169 -0.299918766826637 -0.310545004785686
-0.0168090375669206 -0.417448515429722 -0.403376478092014
-0.0130258507300057 -0.287803401937058 -0.268890276054676
-0.0110272930093203 -0.267185773883934 -0.250780753451713
-0.0198084901534814 -0.455478405121854 -0.461464278498566
-0.0157212594929979 -0.425041615906803 -0.405855997380314
-0.022158764622024 -0.536884144762515 -0.509686020061626
-0.00307814030678665 -0.0793401118815849 -0.0942399990735852
-0.00803261902614477 -0.197355089086365 -0.19459562902643
-0.0107631403847115 -0.307374267689953 -0.270052539106491
-0.0216675626255189 -0.499368686048109 -0.537300891858281
-0.0274132307978893 -0.68283358962059 -0.736613844402826
-0.0228888998751313 -0.488758757141107 -0.494666481814841
-0.0192646872771067 -0.461745818707355 -0.459962260216653
-0.011239841972774 -0.278292904743623 -0.256779723918961
-0.0227853487473597 -0.539506534060388 -0.553405107121839
-0.0254078027738915 -0.626357470081105 -0.625458224062521
-0.0224225501369849 -0.593515094356457 -0.566021847393505
-0.00584830454341764 -0.140119214235996 -0.143662662846924
-0.0090709648143557 -0.281740681308788 -0.260885303947455
-0.00625530103190512 -0.160721088865474 -0.140840904404901
-0.0162593760273244 -0.458126782585118 -0.433576213528795
-0.021 -0.588322348728322 -0.58731484125867
-0.0203122428101175 -0.434503331230203 -0.445309181820013
-0.0165736811934767 -0.354561238873965 -0.380209156908456
-0.0146829196447331 -0.413660915253106 -0.393132265175917
-0.0135874303290577 -0.31654262521068 -0.318578537394936
-0.0225671788264271 -0.588910113166941 -0.59548737329421
-0.0096611251800679 -0.261983959991999 -0.239735899852016
-0.0230959593824673 -0.55965641726758 -0.589643580329293
-0.0183779290219896 -0.538759714058665 -0.505044000832994
-0.0103376667178296 -0.249088259338329 -0.257427588993544
-0.019327564391686 -0.514307607936614 -0.51328721639783
-0.00871637109454322 -0.276103580673964 -0.265401764834074
-0.0177762270857666 -0.43811016393294 -0.427054493149352
-0.0255108854558219 -0.68286113905242 -0.653357563192972
-0.016389559921774 -0.378300238510844 -0.349482406894011
-0.0111557412459656 -0.267096640425885 -0.261146477265989
-0.00095906389305706 -0.0212520116804213 -0.0180290120003765
-0.0162383927137692 -0.396595831639005 -0.398855905205419
-0.0153533474264723 -0.397004009492415 -0.391622080439603
-0.0123703748872176 -0.283812235081618 -0.273451446000356
-0.0088098535281819 -0.288620547078251 -0.270889890602581
-0.00875545143100628 -0.268035945634908 -0.241405512691609
-0.00696068164040715 -0.165441225634647 -0.16249653961756
-0.023364717548621 -0.529534779962133 -0.524441635870072
-0.0179791460970964 -0.463294609086012 -0.47585721653073
-0.0261041127351369 -0.719442458101133 -0.694661133975577
-0.0212963339873837 -0.632346152552515 -0.637185574486538
-0.0150713820611758 -0.33687506651787 -0.312194710598404
-0.0147672005045905 -0.37077506585158 -0.356721739401278
-0.0171252603352408 -0.455294084955983 -0.450615728261167
-0.0186093487585361 -0.554201376042975 -0.565409675925816
-0.0165626994413027 -0.36884774014039 -0.400113530472259
-0.00792005816051423 -0.209321934747674 -0.218446088905348
-0.0109406826815215 -0.289852387607797 -0.294577763769935
-0.00428065641557367 -0.0983843928633417 -0.106193164639089
-0.022886512117888 -0.583275391217081 -0.572895963959278
-0.00589593286691977 -0.154589726119078 -0.148380462367163
-0.015295056890028 -0.374266383966418 -0.359965880350009
-0.0214162313896949 -0.502440766292644 -0.500600201088743
-0.0211666666666666 -0.544266558792846 -0.526569579640846
-0.0283769716627819 -0.761467383620276 -0.813860717349685
-0.0164842633807879 -0.418269714079067 -0.424531401491739
-0.0235081586373646 -0.602450066400543 -0.599286397943893
-0.0215232422714319 -0.497075402948167 -0.504748844673403
-0.00848434004286774 -0.240287962089005 -0.222281520085868
-0.0203463653990912 -0.504825140918854 -0.484921800736903
-0.0161326312673693 -0.374077665493451 -0.363473394301345
-0.0119900311419378 -0.323006800271599 -0.310443958022693
-0.0120378514010056 -0.302397624144914 -0.303409411160713
-0.0156482459404565 -0.428553854593122 -0.437187790624376
-0.0142225770853248 -0.379855312879602 -0.40359833922094
-0.0200237907968543 -0.480204335512067 -0.460605920184237
-0.00925234179957377 -0.204418987552213 -0.20707070123672
-0.0188708975299392 -0.407175577688899 -0.439330609629202
-0.0287798536332027 -0.723859155516659 -0.74219507671954
-0.0221346937744989 -0.537699119987103 -0.508731621545362
-0.0151272532219623 -0.427248512285963 -0.412095270805222
-0.00974477416206983 -0.25117765095648 -0.285881565128488
-0.00987627190439595 -0.240666941820471 -0.249164900010761
-0.0167868303898375 -0.429850700509071 -0.430463619322421
-0.0190983713327074 -0.446846833297508 -0.43148292714376
-0.0158354596195945 -0.371959838907782 -0.357624044755903
-0.00944387239106773 -0.226847747913663 -0.210142541775928
-0.00942444818198908 -0.176885154221407 -0.177725224237566
-0.0126723959672075 -0.287613500959718 -0.315336136546259
-0.0100099258379572 -0.263414492084368 -0.247627084501987
-0.0212447883314245 -0.567732374221462 -0.583302763459618
-0.00945806963207593 -0.2389849466461 -0.253602248140895
-0.0205111641520395 -0.508595272625131 -0.498868510328653
-0.018405815711282 -0.429204600344557 -0.448440347283386
-0.0105230038322825 -0.241082487153676 -0.23237839217715
-0.0128558613214734 -0.389814003067291 -0.362384274084958
-0.00962287014764208 -0.224445199571855 -0.218775117373759
-0.0237246877535604 -0.693393643858402 -0.682128116957922
-0.0163090935497707 -0.4561518874014 -0.486774891598356
-0.0140032984408051 -0.333241012997406 -0.327830304881304
-0.0208683092275828 -0.589878063574735 -0.597032114945595
-0.0174563913756562 -0.452027507356265 -0.436499028082846
-0.00852097191434285 -0.199200109523988 -0.211252120399542
-0.0167669667723442 -0.444131755324148 -0.451051102842016
-0.0177799440228365 -0.458750595476743 -0.455624877581355
-0.0150985256010944 -0.411795618934449 -0.392316965307057
-0.0195935830755558 -0.449913067156619 -0.471261890574317
-0.0174348270775927 -0.398242214447243 -0.414664332343087
-0.0106499065577126 -0.263683397395208 -0.292255346203276
-0.0142310168640325 -0.361017516743004 -0.334158334453773
-0.0137104303249056 -0.323863215144131 -0.332504878016137
-0.023483726495432 -0.545817755061151 -0.5565707270888
-0.029066859263239 -0.850120580987982 -0.821001209992145
-0.0179948374331813 -0.400436994003576 -0.422578746029387
-0.010702696853735 -0.272671076190372 -0.299080430303631
-0.00225183776443551 -0.0595644346442424 -0.0576327380548103
-0.0137929661377466 -0.294012602945212 -0.297870743631238
-0.0170216325553693 -0.39765385198644 -0.393605996434458
-0.017754183020035 -0.472003085402102 -0.491155224132905
-0.0145222502658173 -0.397674356894443 -0.404304979990275
-0.00640500432402233 -0.164807630861895 -0.173811301666539
-0.0136965426786044 -0.339119899373338 -0.365393673039552
-0.00972692339089151 -0.259585128469887 -0.253577612314685
-0.0174229035734336 -0.404689421447951 -0.407542363339678
-0.015681318574515 -0.417685490515277 -0.414477718569652
-0.0191077694209731 -0.444232706821661 -0.43972304322564
-0.0170803414879207 -0.451295897214144 -0.43365444546069
-0.0154884093723786 -0.397394468638998 -0.418157783922969
-0.01689644326962 -0.409109126689372 -0.443022645328704
-0.0175659006729926 -0.406436732632987 -0.407671086662966
-0.0222717634347017 -0.568525180754919 -0.517453417946512
-0.00236198992076472 -0.0502731546285515 -0.0469067203787767
-0.00735005393063652 -0.177901120165877 -0.17780191445429
-0.0194852917680835 -0.471589516806991 -0.473438046534562
-0.0122869076368546 -0.316093748829365 -0.323744125456681
-0.0158876930534261 -0.390081509686461 -0.406986544656745
-0.013464740169815 -0.331658239328571 -0.342782318536497
-0.0165882179824244 -0.410287599459045 -0.388940883595783
-0.0261271174456526 -0.619769564165031 -0.629170582982523
-0.0177329429445059 -0.508817194717062 -0.461654621773451
-0.019828103741586 -0.505795078726923 -0.513866076929298
-0.0295914457317473 -0.724040002081941 -0.740789835642504
0.00216216840313028 0.0470158302487002 0.0445299544677504
-0.0243277474953165 -0.53933223581062 -0.530952666815732
-0.0179458766164091 -0.399411410178599 -0.407814689015145
-0.0174556143806789 -0.462724866802647 -0.453870831544275
-0.00968154057517761 -0.23948972648179 -0.237705628850572
-0.0282822735694709 -0.682183098287922 -0.674783518557554
-0.014770282494527 -0.371204309568705 -0.391564361240898
-0.0067144644399227 -0.173337418562417 -0.177157364458381
-0.00695568861789753 -0.196722211216237 -0.198559862709201
-0.0122545386961561 -0.248422057163273 -0.279714050794672
-0.0281147058369463 -0.544537579562166 -0.528507646908653
-0.0133137899275127 -0.315023076202389 -0.299677117915223
-0.0125493765304473 -0.284345573088835 -0.267368661427424
-0.00555175048396528 -0.181231386012168 -0.167833103441438
-0.00226137895822407 -0.118467194851279 -0.113121282124403
-0.0147988807853593 -0.392302275696292 -0.379842025007771
-0.00349891804191197 -0.0953823127821462 -0.0981553697055362
-0.00972365192096343 -0.244505891984159 -0.243536801603644
-0.0122995458675954 -0.278438511340343 -0.294482331863994
-0.0102700307361879 -0.254015670726589 -0.237346736098
-0.0220025113417873 -0.636833333584894 -0.648550399437354
-0.00611988924581127 -0.135689654998354 -0.129448125955677
-0.0120437288124734 -0.263751146008639 -0.258416966052404
-0.0159678068759957 -0.469679475495627 -0.436137594548813
-0.0228694139618033 -0.573769504220203 -0.569422468570479
-0.0169889405876172 -0.420556867827488 -0.421444006962413
-0.00568340341336363 -0.149420149883113 -0.147112202176897
-0.00322728204135744 -0.0713566570313057 -0.0677758069297689
-0.0167679543203321 -0.489460991849061 -0.483664856775524
-0.00610467282551266 -0.173283530655513 -0.17649429460846
-0.0242354826448777 -0.618757557496761 -0.593637720738468
-0.0145118443498715 -0.366627640399527 -0.369571281322195
-0.0206495835618022 -0.454763938252606 -0.452813328563896
-0.0222854683531542 -0.497562190233979 -0.535086166846302
-0.00528279819320543 -0.141580414121455 -0.129936168469805
-0.014664616632684 -0.340084044681128 -0.318660709575917
-0.0140223056528203 -0.34070310829226 -0.325666632774238
-0.0202343942973051 -0.48182865421372 -0.479160826688534
-0.017402413525104 -0.429646812422712 -0.410602101017554
-0.0182875689413594 -0.42433612574781 -0.413272836633047
-0.00971770129487465 -0.242318737527858 -0.248475705143336
-0.00964241240280598 -0.259058255020879 -0.270577346978389
-0.0178871184849899 -0.470695291986653 -0.476033717515036
-0.0191800560543819 -0.499029903832753 -0.468359937341968
-0.012574060261466 -0.320032134388177 -0.308686175829983
-0.0038934734355087 -0.0855694497442585 -0.0938143671634069
-0.014332091769957 -0.401419239481625 -0.375662557979591
-0.0173269935124863 -0.408616277929644 -0.398740630739795
-0.00990759051858709 -0.245693556409646 -0.218303693319477
-0.0101588978577639 -0.351631359257659 -0.346473871149742
-0.0140145347021356 -0.34723809868366 -0.323681302908257
-0.00748326952076283 -0.159806600150367 -0.197341832508672
-0.0155070576783658 -0.373232366358446 -0.378589203086366
-0.0161984756272818 -0.460345516103174 -0.436602864150334
-0.0251981233668141 -0.640283917463274 -0.642658606003333
-0.00605821388138129 -0.171697182343797 -0.158158325156184
-0.00598121052446386 -0.165483550875809 -0.172616935362279
-0.0178985501478481 -0.417527639070874 -0.410458355226423
-0.0171102596850497 -0.420890990998578 -0.459622196033912
-0.0207500279562487 -0.518441549532113 -0.529142753025213
-0.0238951973418565 -0.7004214725309 -0.669725168067828
-0.0113900077131624 -0.281983380036631 -0.275128280568059
0.000136875362468906 0.0251131535170976 0.0267209203903299
-0.0236132908254024 -0.643296934930871 -0.679399633101597
-0.0209539610324911 -0.518265558279683 -0.518899039141634
-0.0224944959409321 -0.604025555241611 -0.597260751017488
-0.0172056613961847 -0.446896295936973 -0.446236566262483
-0.0131170078363133 -0.296677875361717 -0.3053483964661
-0.0165277555992827 -0.362443897114105 -0.368805871919866
-0.00709115245827632 -0.182002222782932 -0.199111957501657
-0.00912150607278106 -0.224026721869367 -0.230897187333776
-0.0285944570265757 -0.745911895986906 -0.736866884057898
-0.0111340431540194 -0.284839921759874 -0.27668899171546
-0.0151705582701065 -0.447661799721698 -0.456574842490087
-0.00416688063951287 -0.112127120387604 -0.112354824686467
-0.0205753381004304 -0.485074620878355 -0.449256933900607
-0.0133472619239451 -0.31347265765468 -0.32541756201717
-0.0330760555290483 -0.788545185323569 -0.810680491235129
-0.0228481985124459 -0.577160226309458 -0.54883020608294
-0.0219917181282605 -0.521581065184407 -0.493348683658213
-0.0174106294937076 -0.392901224838778 -0.399648821022686
-0.0189230142948983 -0.488653209659688 -0.469008232101422
-0.0178113426135615 -0.508216197888739 -0.487435938079156
-0.0199265945364328 -0.502509607915261 -0.521985398435883
-0.0103947373109256 -0.279882975701305 -0.280695201435221
-0.0171335136980756 -0.393043829769957 -0.382502614242858
-0.0244043754738582 -0.643348627328349 -0.650022215734607
-0.0153719142380114 -0.418791283782483 -0.417927547215171
-0.003986532146356 -0.123283173102777 -0.107967493453961
-0.025338667640335 -0.67952815280374 -0.675933241570294
-0.0211169028203514 -0.494329173469256 -0.510848635530817
-0.0126628174490782 -0.331257940292832 -0.321996361070772
-0.0124611519286359 -0.34056634455416 -0.352639120637776
-0.0211167729962421 -0.569719243496063 -0.603945069105465
-0.0125975603604256 -0.317406675447239 -0.338365145933349
-0.0276999268635775 -0.742793131631402 -0.729792442488095
-0.0160511180184695 -0.406017333978874 -0.40596066726158
-0.0140125493912129 -0.369516522906463 -0.359547723572914
-0.0210836739665425 -0.609828744904857 -0.602767617445217
-0.0169775317380873 -0.399657524703149 -0.375169161066967
-0.0157820358192197 -0.414584171540683 -0.403582742146241
-0.0123433784086392 -0.352434571892596 -0.358823540688699
-0.0184145700156874 -0.449241900275297 -0.424919937462505
-0.0103636441301547 -0.248465240356023 -0.273543215748228
-0.0235699434311787 -0.532871165847865 -0.576112611794823
-0.0109667188225698 -0.253589529203169 -0.257662258128354
-0.0106591699144271 -0.276786955784263 -0.274028447941436
-0.0104882011857877 -0.279792839668847 -0.271369007855155
-0.0119033937750764 -0.345013012495425 -0.34611108158817
-0.0127660663021439 -0.275536241606263 -0.298682084751949
-0.0109564497873053 -0.302382781356293 -0.277544183000646
-0.0144308030090969 -0.325831637966357 -0.325425417905075
-0.0109263715953824 -0.26992624254875 -0.26190358757386
-0.0114501677689758 -0.302507164086267 -0.297389361231516
-0.0131546005527043 -0.302577930200918 -0.298270426862433
-0.00796571893272914 -0.234363785302664 -0.235620420511428
-0.00846795572204223 -0.218241052077392 -0.213422803798424
-0.0118157426643108 -0.276414143910254 -0.259530820706275
-0.0163205053102599 -0.435460091865845 -0.433424693472918
-0.0208962385319586 -0.548301879375392 -0.564034477019127
-0.0112290111253886 -0.277219976849388 -0.26511536631413
-0.017828021989954 -0.439183874545019 -0.409508720049722
-0.00690880244802878 -0.209866412246171 -0.225762425184352
-0.0155207227514282 -0.414152076333524 -0.431754808645939
-0.00115282832364452 -0.0324710387490622 -0.00473222252031857
-0.0136653293781516 -0.370949816509533 -0.388822177996304
-0.00788319979019018 -0.203246894863682 -0.172840468636345
-0.0132683304148618 -0.344977448312841 -0.342309377968249
-0.0169463108438145 -0.458699667290065 -0.469192333396391
-0.0204091906816569 -0.509164321870561 -0.51503874617193
-0.0229627576175413 -0.557642208906448 -0.569860136632268
-0.0154567579107152 -0.376541215515167 -0.368468287045687
-0.0176874965943499 -0.484004900664779 -0.451927934165379
-0.0157118835154682 -0.40046147731157 -0.388576599301011
-0.0222326476507741 -0.460602043866919 -0.502780464879523
-0.0121927662099913 -0.297290003020087 -0.306025195157908
-0.0190455706046915 -0.446424989172573 -0.483914758305849
-0.019826983187943 -0.524604632381988 -0.532178177885968
-0.0176666666666666 -0.461924855248302 -0.448670335053263
-0.0137917626842074 -0.348001412342025 -0.355926087424101
-0.0214057087282792 -0.598680664271025 -0.608017712079163
-0.013667358759388 -0.365146286709666 -0.404720824186354
-0.0206186056509999 -0.41868042866242 -0.416949642535539
-0.0226615012737159 -0.531956873006313 -0.539556737510222
-0.0127463682488391 -0.329896575541423 -0.332082516269366
-0.00843825556077911 -0.192560168263466 -0.202374126411816
-0.0114996273895487 -0.22047222271868 -0.244735187612182
-0.0209455570814147 -0.539166089408276 -0.533891931055966
-0.00864699836481213 -0.240156688914682 -0.234207411503082
-0.0132733934566825 -0.377006333870682 -0.369561396753562
-0.0136288380426607 -0.294232289579212 -0.293527422902999
-0.0161586958607306 -0.357047085519626 -0.344175062318735
-0.00958269919588886 -0.279145192062967 -0.273465569432565
-0.0254774796703287 -0.649784132170109 -0.682009060192805
-0.0114009272471925 -0.333758816483209 -0.319539869453022
-0.0209646058718424 -0.547736637523319 -0.507443516624683
-0.00856497559469884 -0.25012612722076 -0.245449317082289
-0.00443750213446734 -0.109288633296507 -0.116867848718382
-0.00485038549622121 -0.0980946045209244 -0.109511774089424
-0.0160446382125687 -0.437416054739555 -0.420781849137936
-0.0163136055267018 -0.472158395415427 -0.508999582545758
-0.01525758919711 -0.412178652432315 -0.402963733736955
-0.0038207558149002 -0.0990776151645585 -0.110920363950964
-0.0163778381271147 -0.370966210935835 -0.382380611566482
-0.0179875568400784 -0.455541842406038 -0.456052121714327
-0.0204777955102694 -0.474350293730961 -0.476065221578495
-0.019534933587825 -0.514719258813042 -0.495654417693798
-0.0118188060498055 -0.324690106166097 -0.328153335257707
-0.0264550453636016 -0.619762299468249 -0.585944875513584
-0.015739799623256 -0.461974827176994 -0.424553056475626
-0.0116468006550918 -0.315759078122733 -0.319706025862255
-0.0147791979436862 -0.353201968810861 -0.345430323894249
-0.0171447849439602 -0.412645943701233 -0.418023924391359
-0.011827192096083 -0.282185426073104 -0.294700939313707
-0.0147177779802491 -0.39274144641661 -0.391392649402669
-0.020570158252155 -0.517346553753765 -0.51558644505801
-0.015601685729079 -0.380647052912719 -0.368899416110821
-0.0122560987926066 -0.323316030556199 -0.314839236751973
-0.00996752080710877 -0.245191388718725 -0.232584199495008
-0.012924368013045 -0.296935285402482 -0.312111693559203
-0.0183742015837666 -0.497709333660375 -0.528806283871141
-0.0246736973101571 -0.630045174501463 -0.597466335123373
-0.0166385993044748 -0.427449945653091 -0.422992994239282
-0.0131167483010263 -0.349306802512542 -0.328744653230794
-0.0198805019232977 -0.554664544922287 -0.52470335447535
-0.0177761121735935 -0.451536829407506 -0.442353004751862
-0.0125543352095253 -0.319511031521091 -0.329707924703272
-0.0166692782468219 -0.40664578838845 -0.396637121353496
-0.00434892322304985 -0.111961741950611 -0.1194023937769
-0.0104948594131051 -0.265323435762643 -0.221253828266275
-0.0187250360575137 -0.426498923711177 -0.407263232281582
-0.0151331160662214 -0.382510053237059 -0.392946836251195
-0.021678372610008 -0.510281467660598 -0.566363334246592
-0.0118847127133492 -0.292784666396828 -0.301239154343477
-0.0218639351307432 -0.547519769695974 -0.559475506165577
-0.0180528490019463 -0.465620037909375 -0.421769938609683
-0.00859583804216986 -0.215841015387997 -0.216072217244649
-0.0179752796920814 -0.458958570338244 -0.461028367309763
-0.0210807276280896 -0.537722557231208 -0.518089675346546
-0.0102673311592553 -0.281107275565674 -0.293640767750739
-0.0187470542952883 -0.470965439783456 -0.47908726195647
-0.0114439217437947 -0.277827183905967 -0.277945891164224
-0.023160969489019 -0.564452696868455 -0.558871589899791
-0.00920624628138242 -0.259022114111157 -0.254999921227074
-0.0154314371999386 -0.36842397295822 -0.349395624672225
-0.0157339139182421 -0.399743542826034 -0.374614643799358
-0.00594918070442806 -0.149757194003036 -0.149889508646434
-0.0106990980170194 -0.264467142449161 -0.257161335524016
-0.014732233594839 -0.331410583297959 -0.341458128981412
-0.0247087307846808 -0.650803695767102 -0.6843444281196
-0.0143808663875012 -0.366245209319953 -0.334536457249706
-0.0178394317067029 -0.459298849579055 -0.460215336676589
-0.00902080959309592 -0.221012983810649 -0.23441987580003
-0.0125897425652495 -0.296900491550275 -0.291206276980947
-0.0259793451065855 -0.600753729358732 -0.601222096391316
-0.00403793866249053 -0.167010959176265 -0.137907528040234
-0.00943091228250667 -0.256758527600276 -0.279809746681578
-0.00988441475969033 -0.29127036923191 -0.268818131441094
-0.00922711010861131 -0.258370671853636 -0.247159248049174
-0.00921385366682528 -0.25515937766798 -0.299577730964498
-0.00965506212182457 -0.282386296707868 -0.293423241490504
-0.0145004736252705 -0.381393652199917 -0.368033455893998
-0.0184075510101068 -0.44569044891899 -0.454124605518497
-0.0104539676837195 -0.236673914292407 -0.232244529037151
-0.016095245318975 -0.423227020167787 -0.426655299674381
-0.0229326868260568 -0.565750735692427 -0.608836499260764
-0.0136570439549586 -0.366307811423755 -0.366335698745464
-0.00477757728892027 -0.118931838123634 -0.113001146983588
-0.0210631330375364 -0.688082847160418 -0.665705243305464
-0.0181165029564289 -0.500677672361264 -0.468344541716472
-0.0141687034742381 -0.391267308508143 -0.394640180270532
-0.026552554752911 -0.720088037294844 -0.687637661353653
-0.0142477520802071 -0.403589559399675 -0.45073116088308
-0.0205132442611972 -0.479699659888961 -0.490091787263436
-0.0147992409309881 -0.412928558541592 -0.401046822828017
-0.0115998530483086 -0.275539229175268 -0.276259024257646
-0.0211538328281359 -0.514052889138807 -0.523196170649112
-0.0150109186743898 -0.351527957140936 -0.338707949350363
-0.0147626145378843 -0.450967289941637 -0.444105343280986
-0.00901041747700095 -0.201337717671647 -0.201922022902683
-0.0177130908966224 -0.467252862050899 -0.433046571071799
-0.00677267965206075 -0.186300878363516 -0.175232300850214
-0.0115884243655123 -0.249085927009138 -0.233685025084065
-0.0182403853841788 -0.487217255473688 -0.472531613149129
-0.0174002748419023 -0.450654581363486 -0.433546890998855
-0.0147313805639094 -0.402279143522992 -0.368335674120315
-0.0137817437547792 -0.330237725708541 -0.300039713867055
-0.0166827401743572 -0.428390054325404 -0.436124938620655
-0.0189992248561436 -0.533436506685464 -0.530120381826739
-0.00610970943630032 -0.180622000600566 -0.178799511489453
-0.00810737474967961 -0.200518072598725 -0.195234366907588
-0.00866666666666668 -0.227285723029731 -0.231849551979008
-0.01041685966982 -0.212342381951521 -0.20984492394374
-0.021162703727177 -0.561381252066424 -0.593656517869629
-0.0225254748957701 -0.559393454472589 -0.516034957215569
-0.0150762032947979 -0.338921989014758 -0.338716726252246
-0.00823945304076845 -0.199874046611091 -0.214916748074191
-0.0261278633646842 -0.654232906736561 -0.626740489382592
-0.0169730171778211 -0.463324283642836 -0.434346544594782
-0.00880188648303595 -0.260805003823821 -0.265567266274513
-0.027224448658194 -0.630377586553483 -0.621788493586004
-0.0149614054960987 -0.325867683259295 -0.327883818095958
-0.0235748403754725 -0.569694208285507 -0.537977714191027
-0.0198780222106726 -0.575813130017305 -0.596336140260483
-0.0123193388679323 -0.349249766001181 -0.349486544010648
-0.00683294301088367 -0.163045919973292 -0.186360226330208
-0.011853556542288 -0.336669582208296 -0.345640473298226
-0.00052674988622803 0.0077260040287286 -0.0037870914360818
-0.00572786950693577 -0.167263875797868 -0.163858248902347
-0.0200600694409123 -0.492590364449903 -0.469046965570009
-0.0120829384151085 -0.291295848600599 -0.293748237102479
-0.0198545974163967 -0.491796504176925 -0.457501761305196
-0.0118964999664132 -0.302728878756217 -0.327283816809286
-0.0106151972776986 -0.287972379330655 -0.282951515474261
-0.0146345648812822 -0.319396883868824 -0.314934305908783
-0.0179977970389553 -0.421164251107164 -0.431601486436703
-0.00974569926774428 -0.239089742874931 -0.237794997205101
-0.019938258660419 -0.535911855627631 -0.529149801429824
-0.0193019488147749 -0.534610796735423 -0.534558687345694
-0.0135098155434697 -0.311120861134781 -0.314829080709642
-0.00768160157967497 -0.210524244810411 -0.233796033544464
-0.0238730138264612 -0.589446279629266 -0.582928822896303
-0.0267223019972855 -0.650321895297365 -0.63280869090164
-0.0119716773317333 -0.342831501675616 -0.303879511541609
-0.0207157520002996 -0.552441448567075 -0.559057847083468
-0.00999637590678809 -0.21386104866287 -0.211788232361816
-0.0121790213083862 -0.319772943489331 -0.320474869141315
-0.018115610533068 -0.479796611561142 -0.519384860385012
-0.0320667369340366 -0.875235424007665 -0.85605938562362
-0.00977337507092616 -0.248419599117687 -0.245824660291484
-0.0283135567661981 -0.809915013813674 -0.797245523208864
-0.0198076969756467 -0.502145597043695 -0.486733213071443
-0.010007807686592 -0.245287179600598 -0.245704219028608
-0.00850431868042389 -0.196652364929346 -0.228553297672648
-0.0164403535599815 -0.401846261540762 -0.363708687127169
-0.0108553111718637 -0.260533717807116 -0.2542338026867
-0.00533408169690873 -0.13624451732177 -0.135493457383727
-0.0172270700086134 -0.388948130527524 -0.387080134588154
-0.0131710748603058 -0.34300351169355 -0.351023188264828
-0.00644805818586782 -0.145201816099983 -0.173393251147904
-0.0114464944806876 -0.302150718102583 -0.299450494280886
-0.0299893563206314 -0.718797597491564 -0.699057506598202
-0.00780300712650856 -0.203808848391015 -0.184556069099328
-0.0130975560622457 -0.357790382084094 -0.359720527509748
-0.0187294918934723 -0.515585589787037 -0.488071870964732
-0.0182288249053261 -0.510700309703239 -0.503114631333007
-0.0146510968171075 -0.341132737251596 -0.333486849995517
-0.0212472977749707 -0.507550729296305 -0.485074172037026
-0.0123179524872992 -0.304714464747991 -0.288766674497663
-0.0173466415817684 -0.436088215154968 -0.437925640565007
-0.00632705885562334 -0.112130133971378 -0.117602091833032
-0.00525116163687373 -0.12418180184938 -0.136760658433051
-0.0174530409765536 -0.426184575937284 -0.417044784615296
-0.021918323703231 -0.542155936514711 -0.526378593863152
-0.00656099919231804 -0.185374489540915 -0.172694091503795
-0.0118886789036356 -0.288693254161888 -0.30580186243928
-0.0279080976491612 -0.75564685183749 -0.780175081368696
-0.0277102946800893 -0.870478145023576 -0.905851982444613
-0.015624231318467 -0.401894697175419 -0.402588797288149
-0.0210065756507602 -0.486731730903867 -0.501737099025112
-0.0117891661861656 -0.291629415282811 -0.282644797396528
-0.00805639491757813 -0.22933286271914 -0.235851694563803
-0.0114579830509951 -0.263794555428067 -0.259485511221834
-0.0204823195072744 -0.592383535702609 -0.553438868452982
-0.0187941958482224 -0.376365349865386 -0.379972165846646
-0.0193372566729564 -0.432923832264685 -0.428209293522966
-0.00949224222464445 -0.234791572907702 -0.246502537127248
-0.0146360836882981 -0.359049519698185 -0.378549192562188
-0.0231984922330092 -0.548582238476138 -0.54656842048453
-0.0119905276849242 -0.336491474647678 -0.306919023317348
-0.0206644372876099 -0.518639589707823 -0.533397144173335
-0.0218199049544996 -0.508439283393033 -0.495487465955889
-0.00603735046449798 -0.186332866338429 -0.160971524575215
-0.0140105888803661 -0.362119012203327 -0.347869772043751
-0.0172245997907236 -0.4289977683278 -0.409534911789067
-0.00506923765119577 -0.143073884651549 -0.154273240482131
-0.0178568598977025 -0.475304881180622 -0.446586953616703
-0.0194865613676866 -0.479970160699406 -0.516145199319971
-0.0169726341007279 -0.399885315700481 -0.391837753752002
-0.0188092410139193 -0.485513291896081 -0.432726083353574
-0.0185529041287727 -0.484966848095531 -0.48985420711963
-0.0122632725543091 -0.327611401838678 -0.321964772838482
-0.0179661333578683 -0.406746410371579 -0.422653614573627
-0.0103252870466466 -0.259248084703625 -0.242066008457323
-0.0142328683799543 -0.329199146667049 -0.342144100755185
-0.0175144494530562 -0.396690885958544 -0.389162124746945
-0.00888887062555287 -0.197482595585237 -0.183229846342678
-0.00923654923667143 -0.22925968755802 -0.287723740826243
-0.0157268442178437 -0.432393849785829 -0.420828417653571
-0.0276765232516211 -0.626362302671976 -0.650543465135675
-0.0134419326146638 -0.293979161850803 -0.285008004691941
-0.0137776896180862 -0.331213045850829 -0.368181270893079
-0.0164285346739393 -0.415440788087872 -0.412023108806946
-0.0193203492535676 -0.443653337177066 -0.427962839994843
-0.00967977885874581 -0.241556248788437 -0.22775598942016
-0.011571531251037 -0.258443951089194 -0.270290973125902
-0.0177614136820034 -0.418137624742539 -0.420532353016192
-0.00351867003041878 -0.0887628940673869 -0.092231451774208
-0.0184286699992661 -0.491355035244552 -0.557522043732285
-0.0232967352869045 -0.649843216527582 -0.698998704951267
-0.0229508517716644 -0.596527976070779 -0.563087091878766
-0.0231784642272733 -0.604004900140678 -0.644676729333083
-0.0212260555136616 -0.536892319583262 -0.499967747664301
-0.0145326366336584 -0.396526886362607 -0.387124542488211
-0.0106164428078816 -0.266009221449924 -0.268064295003245
-0.0092688027884763 -0.241816966100269 -0.226821694900043
-0.0153870765347635 -0.407071971310855 -0.426167035841903
-0.014137385121957 -0.353818054099122 -0.356968398502786
-0.00353419002777524 -0.117262514457412 -0.122375795246321
-0.00882511936048855 -0.216157024115074 -0.223738073923163
-0.0129648150649918 -0.310936170449924 -0.305194472564501
-0.0100044207609142 -0.246427395053886 -0.237682560231187
-0.00747315775654039 -0.193827859804274 -0.181132720414878
-0.0180513796844635 -0.525526371610274 -0.505933901278089
-0.0126274869250719 -0.324825331886957 -0.333862219168866
-0.0171284019560258 -0.404492238536596 -0.405299999516368
-0.0196964789454636 -0.45432234828395 -0.43004981703159
-0.00439167931256127 -0.0969105355486338 -0.0912097829214815
-0.0129997584830316 -0.369237119951534 -0.396196458768916
0.00240354397315145 0.0842902996162063 0.0538462280768395
-0.000175591610031483 -0.0123136097928387 -0.00240944631201079
-0.00206271262457903 -0.0284464592997767 -0.0537029112466902
-0.0154842218794215 -0.346367453765307 -0.36205198673489
-0.0146197139562902 -0.334611854921825 -0.325053777380103
-0.0226044528256187 -0.561691834471826 -0.574073127642979
-0.0184141999387528 -0.437268143773412 -0.46609316823047
-0.0172220408787662 -0.463196827567617 -0.470487762850208
-0.0135343075126808 -0.292776356282823 -0.316065876768283
-0.0168284259891902 -0.41804246054485 -0.41121958084379
-0.0107705233666001 -0.250134207328634 -0.243392805624551
-0.00860413560198926 -0.191769460061193 -0.195854218388946
-0.0122024056797061 -0.347493563819328 -0.349410211959834
-0.0181457622029428 -0.482742812641034 -0.47850038663439
-0.0245 -0.630175454599323 -0.640940311811204
-0.0211534653659368 -0.565257885848928 -0.540532625123426
-0.00723208959773778 -0.1941571875905 -0.192897944354952
-0.0126625142111708 -0.350332848149646 -0.324685549294839
-0.0166745362764785 -0.386987644287035 -0.389169647843705
-0.0233598974297705 -0.578577261017124 -0.578530363909059
-0.00917679800525654 -0.213541157276187 -0.237319591605961
-0.014086300300855 -0.328586896471358 -0.311284206887434
-0.0143893736792511 -0.341572203711656 -0.335112785840048
-0.0151189516831819 -0.378367918441537 -0.388329119014638
-0.00846967022134575 -0.239405283697726 -0.229229969010788
-0.026211390473206 -0.662533811684034 -0.626751333162742
-0.0126687212233889 -0.307350047348438 -0.308452354327884
-0.0160023328434133 -0.34343939470386 -0.317553960842831
-0.0202684147341424 -0.435591563242344 -0.418511551419056
-0.0150855443584609 -0.353793034040687 -0.374205066219583
-0.0120288906018081 -0.302976685583773 -0.300708128570668
-0.0159977648513191 -0.401505054068954 -0.380686963587401
-0.0206022598840017 -0.538413322202489 -0.512053163051493
-0.0153454291873201 -0.365786011920516 -0.361946721614129
-0.00869598263263715 -0.236072970918162 -0.220253153808437
-0.0207054415211571 -0.522594952471483 -0.567337997803741
-0.0250714037439381 -0.629086919640704 -0.629412051469918
-0.0255120448251348 -0.626235381384644 -0.626595116716279
-0.000501954349316685 -0.0388211360559561 -0.0105339128179076
-0.00855912564664583 -0.201131786316735 -0.210063373297386
-0.0181716007421258 -0.549582190289642 -0.550055388264714
-0.0235169212851131 -0.489837587307754 -0.492405918291168
-0.0225340476436429 -0.532313831168967 -0.538260390135161
-0.0242638603477369 -0.680701694702304 -0.664938662993487
-0.0203907088840398 -0.486125452657104 -0.479151929786213
-0.0261820814351377 -0.570725779689158 -0.589214940576626
-0.0115540460500077 -0.278686592385153 -0.259349160301062
-0.0242695064464885 -0.614575677956023 -0.562476345618893
-0.0242123394364203 -0.602815493647049 -0.554973953817514
-0.0156084923699951 -0.365017303408021 -0.362584138503334
-0.0102841002348412 -0.236537459798042 -0.229865152066938
-0.0206688401336733 -0.519971979477367 -0.522630509636331
-0.0251216594673448 -0.783979529049065 -0.791337583536679
-0.0174475341940658 -0.414542076152703 -0.445087021847858
-0.0133083842990819 -0.322441130843616 -0.368029277064005
-0.00883623989030319 -0.250143804741699 -0.245455407665336
-0.021450390146721 -0.538344167624062 -0.53586625045771
-0.0163687013905631 -0.444480680418632 -0.442867156173802
-0.0159885611137027 -0.336203692180623 -0.367485656959191
-0.00403989440127791 -0.0998444159216467 -0.108951141533777
-0.0148860890707919 -0.376888430162704 -0.367491842303895
-0.0218197251174545 -0.522688184337445 -0.519523409305152
-0.00744896923499245 -0.174302673145983 -0.184940262503098
-0.00878331501184478 -0.23474620947215 -0.229033569954833
-0.0142186550790287 -0.336793137826849 -0.359716725271076
-0.00990847710659958 -0.270531640670452 -0.277024606267177
-0.0189420140924639 -0.503862696319986 -0.524047659043169
-0.0140619184325569 -0.346939927266063 -0.325675986318009
-0.0124951402717756 -0.284606780548172 -0.272430540287709
-0.0127802336441178 -0.315835283379172 -0.322397321286762
-0.011444445664417 -0.326098837569463 -0.35466146527918
-0.011599851705651 -0.306491969834037 -0.283373588985833
-0.00973516684648719 -0.257366521036106 -0.252450666000128
-0.0278851425950811 -0.753813103773619 -0.826386349679587
-0.0195888359840259 -0.528267448551303 -0.51668551769545
-0.00908407823684402 -0.283197610608395 -0.291104401146485
-0.0159533247076411 -0.415507380259784 -0.375562415143208
-0.0223292586924772 -0.529334971022017 -0.558970445437595
-0.0171098289094643 -0.392338623656693 -0.386505438144455
-0.0134565009329243 -0.331560704054805 -0.309771403657866
-0.0159145035444013 -0.370401124649991 -0.358129381299347
-0.0169298651552051 -0.465925682307202 -0.484085948351479
-0.00390285162065173 -0.0757362983896523 -0.113265698106846
-0.00963118672327512 -0.265013090650004 -0.257882904784896
-0.0146769876799418 -0.344254959783267 -0.337577658710081
-0.0146899965867635 -0.388812380875988 -0.382615429775508
-0.0201549804128358 -0.596097177819085 -0.593183808129181
-0.0201266160623816 -0.484515973202824 -0.452384143651541
-0.0119029929713367 -0.334325479552492 -0.325178437537296
-0.00893573470803912 -0.224029581033043 -0.231282792489972
-0.0244059243206481 -0.601463748124033 -0.579827380551261
-0.014665699538158 -0.353741331438138 -0.335006327342568
-0.0128227176314063 -0.301642892520976 -0.295735666579996
-0.00894974519477828 -0.243317098731368 -0.233043417437445
-0.00819869066168046 -0.196144557583204 -0.185103540434175
-0.0150430549033105 -0.366893214834644 -0.405283087213388
-0.0176309311204815 -0.435003926117412 -0.411908645595107
-0.000481019929038912 -0.00562903323715114 -0.0135840322227152
-0.0204400986337368 -0.481611943394744 -0.459005431708464
-0.0186054175154577 -0.479601115561546 -0.458433927945577
-0.017626435872761 -0.397900155697233 -0.39105872740475
-0.00995338463955494 -0.230618206811511 -0.207084723442836
-0.016093299305936 -0.419591556657564 -0.447192992657701
-0.00703120822062613 -0.154610589637513 -0.152938910538045
-0.0175049559323544 -0.482719445121602 -0.490656530685108
-0.00259697661743185 -0.0894581928336595 -0.074138176201578
-0.0194794565193958 -0.474372815751653 -0.460999994180864
-0.0258500000337659 -0.590686777298144 -0.59673816478543
-0.00738119191358433 -0.156254238976112 -0.155950759926949
-0.0177252528609888 -0.367302708866856 -0.401973315302355
-0.0183274517725141 -0.456282147720097 -0.477329721860276
-0.0142037157387152 -0.371556786178145 -0.373138910147609
-0.0245992432538426 -0.585146287908359 -0.582628764601924
-0.0082757021235213 -0.173853528239415 -0.172086057837821
-0.0102626730146746 -0.23300707128032 -0.227209740335578
-0.00833018058627392 -0.224837630495832 -0.212889144071675
-0.0191257793887968 -0.394666545414089 -0.438803761084018
-0.00229681507242157 -0.0803659365028518 -0.0783565527065897
-0.0173604462779089 -0.420150363695008 -0.435813941873295
-0.028346928854632 -0.872740682538161 -0.862182429212753
-0.0208414786137202 -0.471911304782813 -0.466004794855342
-0.0164924720797013 -0.390386789991595 -0.368559977993816
-0.0205441200848416 -0.505426041663485 -0.503150715022258
-0.00329527163190106 -0.0543477566030919 -0.0855742322802551
-0.0136096787982858 -0.307188657363145 -0.31580579579372
-0.0146967690291272 -0.328054955342658 -0.314428669278384
-0.014217971722762 -0.322043686426608 -0.300863527768584
-0.0065141869351571 -0.163614845168115 -0.156798511542874
-0.0126095085101589 -0.299095982407749 -0.321641314152255
-0.00641552363049579 -0.188017468036612 -0.168146536380373
-0.0138259433041185 -0.346529300086214 -0.334652243756072
-0.0168209454550442 -0.506817769711001 -0.482901963898143
-0.0185668771203253 -0.480467704717751 -0.472975398571874
-0.0180122127189107 -0.45290384200848 -0.445134963857108
-0.0153097808277888 -0.360873006011308 -0.340465502154644
-0.0133170683216205 -0.396099232673609 -0.385267113518604
-0.0183483562028283 -0.445005532318886 -0.445070498322184
-0.016903171919051 -0.381246376959972 -0.377479919957728
-0.0206865373792309 -0.477747450064819 -0.493487561829283
-0.00846131592132252 -0.133818190598729 -0.190552084565451
-0.0178628303914972 -0.414641286162689 -0.437239635135576
-0.0173305867084147 -0.452297786744578 -0.438368511001615
-0.0211797335177316 -0.525133292072638 -0.541630029145924
-0.0073736307281342 -0.188066288327922 -0.164892911901364
-0.0263851144349912 -0.566862013527338 -0.561505003057857
-0.0100590829183408 -0.275771416083443 -0.265301300165548
-0.0117503250443141 -0.280268430052055 -0.281397661495696
-0.018046156819668 -0.454554681907114 -0.506349157787403
-0.0137052494901938 -0.285816038261308 -0.286912700479071
-0.0175979421242063 -0.466940777552223 -0.433766938058866
-0.0182016784482457 -0.442883603576153 -0.45452729441682
-0.015750185397316 -0.322111760439454 -0.334065356779579
-0.0183465516820233 -0.420469153220525 -0.414274298132637
-0.013167226225667 -0.371771277518952 -0.336117267390498
-0.0191376877433503 -0.46870226777495 -0.454147654607857
-0.0141425314380299 -0.330847980818657 -0.294291150219468
-0.00746893876533896 -0.203321718563121 -0.196929848121076
-0.0169745359402923 -0.417346986456024 -0.375622538210971
-0.0124435382367067 -0.304986257180823 -0.282774017837804
-0.0197798366633134 -0.50286550956207 -0.500811609467009
-0.0132234178891927 -0.301826643711974 -0.301977169129312
-0.0096154149018442 -0.260406709346175 -0.23838984766498
-0.00178798630010874 -0.0510831129735653 -0.0520465298199089
-0.0177765022428716 -0.497468296552884 -0.502681239214325
-0.0240591953650279 -0.66169518906765 -0.680517700524691
-0.0162364587274094 -0.38380213291718 -0.368989373519515
-0.0139883228330647 -0.443216125186124 -0.460615968003827
-0.0139729405000595 -0.335939487331189 -0.341248819123385
-0.0257116130756418 -0.7240062471295 -0.740747811405569
-0.0200193778937721 -0.461631096290379 -0.451925658028724
-0.0125193361501721 -0.36541729148448 -0.341824985667895
-0.000853639583584645 -0.0101194467229803 -0.0161734047996573
-0.0119100559141483 -0.278899536715935 -0.265068697233364
-0.0100088996620008 -0.250185829812255 -0.257720874270789
-0.0217109951956347 -0.510890367862996 -0.524869186050492
-0.0108620525553788 -0.250225013070231 -0.267617149668397
-0.0103693268582836 -0.273265406439962 -0.263698662878621
-0.0167802451659678 -0.447354790049167 -0.432608442724514
-0.0238067349299515 -0.543022803135497 -0.526210928438965
-0.00877573812406951 -0.217222935529953 -0.195789538512842
-0.014415768474206 -0.350305317928413 -0.363175054153928
-0.0172603816348364 -0.423090158989954 -0.438602363706727
-0.0176312783919422 -0.401780221501971 -0.378748782497573
-0.0188844333380008 -0.538116324398653 -0.505642566635992
-0.0161645770027525 -0.411616247145986 -0.403242315570252
-0.0064597999316272 -0.149500862192605 -0.142206873527046
-0.012953462266154 -0.310960532207325 -0.313473149359889
-0.0225668443025022 -0.561106902810643 -0.5144234882117
-0.00564410331607305 -0.123324703640494 -0.138163179283364
-0.0088026154585542 -0.222196241941828 -0.233001802988268
-0.0187186590063719 -0.470705713453329 -0.476106971189945
-0.0175963554048663 -0.482135008456817 -0.461766259843252
-0.0143367421830586 -0.345096977612297 -0.339989828706087
-0.0193968014104551 -0.542854272807099 -0.511751711415399
-0.00678105389854973 -0.222264444807941 -0.245934286497939
-0.00747461742590273 -0.178667764519777 -0.184687727266296
-0.0156741766391364 -0.37876041204852 -0.358526959664535
-0.00770407842410936 -0.197460137030668 -0.187818261652815
-0.0122222750367102 -0.291079629031064 -0.292635905627848
-0.0266984854042226 -0.601060502051448 -0.604497536330335
-0.0150474419549455 -0.364968578407815 -0.356780281403203
-0.0144904403200415 -0.37962644750894 -0.395235571447775
-0.0220112378725419 -0.491909315786354 -0.46799890429075
-0.0105685689347573 -0.30794247600066 -0.286051191064108
-0.0161238495588603 -0.462223013612784 -0.467897513653621
-0.0227504491795194 -0.554167444307403 -0.548117933217989
-0.0199407028026339 -0.415914300688276 -0.396573093774529
-0.010961556154242 -0.318740079958733 -0.289382838982686
-0.0198370978002562 -0.466324125830319 -0.473462247733012
-0.0103028325154174 -0.257776105571485 -0.27708075565425
-0.0180458345769576 -0.455155332631313 -0.433408882746305
-0.0227148236775457 -0.561336183361796 -0.553414678172961
-0.00159537106834181 -0.0562376781406661 -0.0448368677421085
-0.0134795161975155 -0.320276499061102 -0.322199390356516
-0.0268697359067048 -0.63083750696449 -0.630370408519045
-0.0156577046066023 -0.338181788702443 -0.346832514199661
-0.0174806767773818 -0.540870426929312 -0.542991058605136
-0.013983018950486 -0.348226513754812 -0.345184181831711
-0.0134589478553376 -0.322731019659406 -0.311321038984379
-0.00908907318025199 -0.231206168121838 -0.239067725556525
-0.0172383503048174 -0.455216156098437 -0.431667748909189
-0.0103356203045377 -0.261834499534284 -0.258040611008314
-0.0145 -0.40860219658913 -0.386380716850008
-0.020537533899166 -0.530434738445526 -0.549024018173615
-0.025404437573629 -0.687392416183963 -0.674947140210195
0.0004679026727741 0.0307296020711644 0.0322721405190745
0.00358923580376989 0.129333063988598 0.106577994621424
-0.0122229441703766 -0.356629962234296 -0.335438783242958
-0.0110032046937641 -0.30200714017185 -0.309316431904048
-0.0113757692662537 -0.295096713919893 -0.281098289251309
-0.0143996395650653 -0.419039208464807 -0.376243350641889
-0.00220364221901894 -0.0588154258513681 -0.0517116307773402
-0.0145098843811717 -0.346440570899407 -0.341383877391219
-0.0142372586099861 -0.41439891143912 -0.411879060150218
-0.0198880598033986 -0.5126422710944 -0.500570364483283
-0.00757519636666955 -0.161539897336874 -0.166204550227892
-0.0203782653038442 -0.558231805295738 -0.550193599390866
-0.0125084722925644 -0.351413567389516 -0.360094273001266
-0.00559447561494603 -0.136131354213249 -0.130730305323445
-0.0149046265194324 -0.333600491677042 -0.332465799886459
-0.011863372092471 -0.254869575642968 -0.245929735913684
-0.015682945660451 -0.387163279337151 -0.382612104415536
-0.0133371629871507 -0.311918097450926 -0.309301010872888
-0.0131028699535959 -0.312684409825081 -0.305450467223286
-0.00850387733213209 -0.180912401067261 -0.176409874048305
-0.00410297910671769 -0.100439301007166 -0.0986938053893223
-0.0136652380707106 -0.346447192426597 -0.344770528193613
-0.012 -0.323316211464909 -0.346860338364948
-0.0108813065533318 -0.280088299907913 -0.322365689526873
-0.0101484770118295 -0.230285355917244 -0.242180172540371
-0.0132320821884931 -0.361876989280191 -0.35899897910385
-0.0176745715058952 -0.398638372815177 -0.400921203525128
-0.0139438968078524 -0.345974356562077 -0.337241858795428
-0.0250743901153091 -0.68140520208039 -0.678941152372023
-0.0137857997786351 -0.346017123361808 -0.343080827475068
-0.0266517451970287 -0.645180831606242 -0.626745539949882
-0.0240167542108037 -0.506083993171343 -0.526222486361031
-0.0162171131550965 -0.371378679524772 -0.355032309642884
-0.0207327508331596 -0.541701093955234 -0.513189240950942
-0.0132246956111801 -0.31431719181975 -0.325843353580741
-0.00900712797815889 -0.200307134130877 -0.183940218802771
-0.0123067684867996 -0.313882277959293 -0.308694087413541
-0.00781394634799078 -0.214635956002744 -0.235188355108819
-0.00722455853538934 -0.182175455736691 -0.191161910479055
-0.0183333333333333 -0.394995474905689 -0.380511735504534
-0.0284596345213213 -0.708174954970755 -0.730342025660013
-0.0205753083607686 -0.488110989168766 -0.495148327597742
-0.017605616910158 -0.439433929496413 -0.470950573363422
-0.0151281948631494 -0.422775968052002 -0.408875742112629
-0.0226260941761009 -0.63611131196138 -0.610260082919117
-0.016271191918453 -0.379246031234594 -0.370642538641308
-0.0152202745307886 -0.38610719545786 -0.396507124019113
-0.026820999286546 -0.641753481439534 -0.622152674518551
-0.0202053378922783 -0.546254975101161 -0.605489604173937
-0.0138053559117615 -0.302328106201605 -0.331304606039406
-0.0216857973186219 -0.482551180411846 -0.48034229525046
-0.0104699714476477 -0.236528656476654 -0.229155394754211
-0.0210717632309129 -0.510782929303504 -0.53216396145672
-0.0188704253786713 -0.479305677067598 -0.474430336319262
-0.000609834138323942 -0.0128710792325072 -0.0147009171340513
-0.0216973957015228 -0.479067598673414 -0.499264071827886
-0.0177361377563521 -0.418509124987351 -0.417932387793776
-0.0122502955192806 -0.28051108303284 -0.280385518284258
-0.0167142875695572 -0.369704437974323 -0.350139496979045
-0.0140486298412365 -0.376942843817083 -0.383162612083737
-0.013860601402248 -0.309519312832932 -0.292343256417425
-0.0202022270388483 -0.513941780236856 -0.541210145918777
-0.0302022934659134 -0.645626214472646 -0.669296888206067
-0.0142610593335859 -0.359079681306561 -0.335354996258479
-0.0145122741611849 -0.317119399043738 -0.33835360131818
-0.00364904015098188 -0.0737363687778624 -0.070070520870229
-0.0076541990410457 -0.208953274936103 -0.189269805194832
-0.0179347895031541 -0.421525412840987 -0.423151651477388
-0.0245918597379844 -0.700693160681188 -0.705820282426917
-0.00967710320279513 -0.237684599637067 -0.233435117412876
-0.0214522153567112 -0.557665657434437 -0.540437837789189
-0.0129613307864398 -0.302252189713029 -0.310465633790598
-0.00858319873722712 -0.188898993107172 -0.199540292737346
-0.0162482614565681 -0.488995871862033 -0.467853974699601
-0.0159709664292207 -0.403751430393622 -0.38257594454356
-0.0244771980594176 -0.58996014199374 -0.616517885737349
0.00078464599144636 -0.0387094601039258 -0.00435722856192378
-0.0207789612317043 -0.620519612956449 -0.657714133596845
-0.0230045038531223 -0.525801247007815 -0.519663713753563
-0.01660140225271 -0.491101316854107 -0.489899948825435
-0.00975499848267011 -0.222300980393254 -0.20237455152104
-0.0222678828889718 -0.55785017752945 -0.538267815039784
-0.0260247299727233 -0.693938609306258 -0.623577599910156
-0.0183816653648473 -0.495150793887443 -0.454686888832874
-0.00937200462278365 -0.253328415915486 -0.232785401769321
-0.0161750866073452 -0.354624571360356 -0.369272488180609
-0.0178981551000474 -0.519188683962787 -0.530050354284808
-0.00500968165945323 -0.113086004477542 -0.107794518419372
-0.00416191776932535 -0.125270000338575 -0.11638653293458
-0.00945600462072664 -0.214310902220224 -0.215592284737232
-0.00988605824669347 -0.265914444016165 -0.252462827805069
-0.0142930985921103 -0.361100342204114 -0.356891886954682
-0.00858569768816888 -0.193911854922635 -0.191654260240032
-0.0169561943769897 -0.437005925350011 -0.398151629513281
-0.0103560697639634 -0.241639341433401 -0.255369695998506
-0.0108319571962618 -0.362614775362104 -0.329097320978304
-0.0239641285557714 -0.471850663028448 -0.48735043200223
-0.0207559823673314 -0.47300035526155 -0.440872189223787
-0.0154543335118133 -0.397641327607757 -0.406481654251273
-0.00586933011159554 -0.154280074662699 -0.146352015327499
-0.00684544318257701 -0.140976764051981 -0.148878341631169
-0.00673939340033611 -0.156077019782086 -0.136871346263031
-0.011335673979812 -0.280096327784831 -0.258865246233488
-0.019951208676798 -0.560612468790615 -0.574290282893485
-0.0242498120758901 -0.589712340935116 -0.56107294626259
-0.0168120707934158 -0.35856606736604 -0.34290146341165
-0.0102998283698855 -0.234222144154711 -0.256144514687272
-0.0126297069293837 -0.318738924270823 -0.33395391844176
-0.0246801173531902 -0.584157699357966 -0.560713312224318
-0.0193333333333333 -0.497588410771905 -0.484941797056172
-0.0254607629069201 -0.650086077494943 -0.615434040922145
-0.0248547827298322 -0.615869319907514 -0.610454077850971
-0.0166721574846667 -0.42011827136487 -0.418972163307967
-0.0138465917287456 -0.322302005462531 -0.318181698079659
-0.00829443120395643 -0.196227680091937 -0.23033139617322
-0.00972213565295291 -0.264378768833057 -0.263340857305737
-0.0157451105566276 -0.366139743651662 -0.365423487579383
-0.0161327543709934 -0.410835447788314 -0.411699387512124
-0.0260584128992969 -0.690389771550369 -0.671963800888599
-0.0288316404805442 -0.721330005914158 -0.701545786474241
-0.00373363580830565 -0.0925739686568484 -0.0859391233801865
-0.0107870800640778 -0.3671156046945 -0.395825035919391
-0.0166559380281929 -0.396590924750493 -0.387160419033246
-0.0208172156693054 -0.529274021718403 -0.564211897637044
-0.00844502936663218 -0.225287089072441 -0.242328784431121
-0.0200600459977763 -0.466661096628347 -0.456815056421749
-0.0169063588689453 -0.405213181304884 -0.403042587127821
-0.0151325219185153 -0.412927430706903 -0.377974308530347
-0.0225396568610097 -0.599576348597327 -0.555508489407262
-0.0154009679296286 -0.385765442678359 -0.365906299816912
-0.00273276818370643 -0.0677628629668854 -0.0780740673577287
-0.0252220110546319 -0.658809874619329 -0.673909473890075
-0.00328379980833433 -0.0613147150445521 -0.0823433324975937
-0.0234735046732294 -0.678020259973672 -0.646861503192765
-0.0126571336422195 -0.348180963739012 -0.348915335464211
-0.0159694889576972 -0.382677560967617 -0.374426723257535
-0.0251075504919817 -0.525484604837747 -0.544216583004081
-0.021123906890075 -0.476506926295913 -0.451017312816092
-0.0119907254168724 -0.292130305182006 -0.290964497656047
-0.0251666666666667 -0.572433102152183 -0.572912305691593
-0.0112755978623724 -0.263467370035 -0.278631569238378
-0.0188348569143329 -0.423371118753108 -0.399993328474435
-0.0139066813568559 -0.361218959391101 -0.380272312883635
-0.0106466133154537 -0.291146166599979 -0.289865983151636
-0.00445573678252574 -0.112045737499746 -0.11393007252806
-0.0142478651911692 -0.30555425609739 -0.306088269618394
-0.0202504937400678 -0.4648258414171 -0.459897839763247
-0.000969060769447892 -0.0313435680505243 -0.0259088575847204
-0.0183811687529139 -0.439565359201505 -0.440101713387981
-0.0148890389576418 -0.390034574534189 -0.382861965843965
-0.00779093018015625 -0.235520650732007 -0.219090618375533
-0.00696699470825172 -0.146474274332783 -0.153640678704867
-0.017091204628878 -0.42629678093566 -0.394398929101419
-0.0145789495653039 -0.377078107246175 -0.380732819009673
-0.0122992338598028 -0.305329605857458 -0.311963478127579
-0.0161058358471275 -0.392187405279647 -0.414776103097869
-0.0219396117857013 -0.617791620338229 -0.597931545524161
-0.0155505358682273 -0.427086789422353 -0.438669222499461
-0.016479111288482 -0.384211019632868 -0.380013507422561
-0.0185717269068866 -0.431254534085492 -0.428074891752699
-0.0184087901347363 -0.43919693065805 -0.463929952558442
-0.0211042641682471 -0.464578715149989 -0.473335069790721
-0.0223225015060395 -0.579932991673982 -0.541035728164
-0.00557604061225716 -0.188800040935407 -0.173251660571909
-0.0159715876689356 -0.40972617737739 -0.389199846841263
-0.0214867728669022 -0.531477031021868 -0.509852962913508
-0.00960011849742526 -0.23302471790425 -0.217987312924671
-0.0191512136019505 -0.473213064555489 -0.449653324330978
-0.0163669326634567 -0.41368668371868 -0.43386919987225
-0.00846072381537152 -0.20019077212017 -0.210912013209219
-0.0136120767352657 -0.329137350851273 -0.318818695511421
-0.0125470148741343 -0.313365424297089 -0.293747123699854
-0.0158907986532836 -0.402897397044604 -0.450736039943009
-0.021520350229471 -0.503353691716596 -0.455857814140449
-0.0188677736692587 -0.48832204142053 -0.51518113261469
-0.0161734647859433 -0.411551521288643 -0.394590170748625
-0.0171128583669899 -0.435519495391919 -0.437374266553305
-0.0137993523786147 -0.320835522331833 -0.306134315762529
-0.0200596564188954 -0.464149967274809 -0.468074798488488
-0.0152108794731642 -0.35523230481927 -0.356664369146653
-0.0149248735641754 -0.374248394101642 -0.368028335695329
-0.0327231443529134 -0.883659152005844 -0.891098925604068
-0.0128982795209599 -0.330125742755034 -0.321996189117439
-0.0149161074444229 -0.354381242600361 -0.364589914346125
-0.0257574556045219 -0.756797382914515 -0.748149075687168
-0.00838905957306063 -0.190820135868859 -0.211323605778666
-0.00784225870875995 -0.195543150669177 -0.218669213030208
-0.0208819683693675 -0.57234899338692 -0.564497836257134
-0.01537762136662 -0.414062866717685 -0.405631186862783
-0.0154134463931846 -0.409078760986074 -0.421652615074052
-0.0185527745211465 -0.451973120342658 -0.461818888824013
-0.0191344825043928 -0.479544594437108 -0.503884626650945
-0.0174965619491105 -0.423132433690527 -0.474226694416386
-0.0165674054400731 -0.442681267352459 -0.414680020295842
-0.0158729883775769 -0.439145178150871 -0.418886669275558
-0.0236818261526207 -0.692065247694227 -0.706044773256927
-0.00472179626704732 -0.101840230735028 -0.111125983622225
-0.0252888046866677 -0.668907381672543 -0.688935417432887
