LMM GLMM GEE
-0.0373301602503441 -0.749973682140231 0
-0.0428207634040953 -1.39706918308867 0
-0.0336337143452483 -0.911946398931147 0
-0.0350359064134861 -0.769396192917165 0
-0.0311066357160411 -0.89562018871452 0
-0.031696997816165 -0.849896350339584 0
-0.0267101816202074 -0.657096364930365 0
-0.0356819541657451 -1.17545952357206 0
-0.0268178524475839 -0.99464264378722 0
-0.0170926732464416 -0.369742748498482 0
-0.021687528556409 -0.800222626107087 0
-0.0267162510930275 -0.875670827194824 0
-0.0252263234301975 -0.441068373645837 0
-0.0317764828763295 -0.788014558599251 0
-0.0344066620620997 -0.729736279457211 0
-0.0265495993756434 -0.812000695582685 0
-0.0285907485343544 -0.863595194889005 0
-0.0255277800203964 -0.843920072608736 0
-0.0283279277209426 -0.740639046999209 0
-0.0229490312412376 -0.879724666363333 0
-0.0313227109373669 -1.04874881912649 0
-0.0299119023255454 -0.810860794422118 0
-0.0293839855921981 -0.694118792307872 0
-0.0301835963100354 -0.852627949683492 0
-0.0253950720932657 -0.608275905735532 0
-0.0259845320156289 -0.947537976512477 0
-0.0441239222249764 -0.756583798121819 0
-0.026115714078712 -0.82382180813391 0
-0.0249728843558747 -0.996908707117783 0
-0.01707855369243 -0.416709608359983 0
-0.0338401771531818 -0.957783222121219 0
-0.0243756818160197 -0.737036911870559 0
-0.0404664092179162 -0.981842917500011 0
-0.0320915689197335 -0.804612308609702 0
-0.0199978931075844 -0.770432190793681 0
-0.0311306427093821 -0.733803999000104 0
-0.0250442393572752 -0.901050765540507 0
-0.0328159485592342 -0.763108752139417 0
-0.0288818887795689 -0.515197150538595 0
-0.0123820260361833 -0.50887048760674 0
-0.0280860322054211 -0.779141753716347 0
-0.0144099906995229 -0.417351584743939 0
-0.033945954182965 -0.669329349609265 0
-0.0278362479188494 -0.612684811923463 0
-0.032102942770382 -0.627574910753209 0
-0.02344099310827 -0.888630392402768 0
-0.0319221420254437 -0.885757172808907 0
-0.028943266809467 -0.832520327232936 0
-0.0100771639347975 -0.382120136409277 0
-0.0247584734287579 -0.678901262566084 0
-0.0212011287346703 -0.648425945658384 0
-0.0187513473925386 -0.758308390976299 0
-0.0462242927757969 -0.729707690888279 0
-0.0422299934922205 -0.969046567421191 0
-0.0310320345639397 -0.918887768498093 0
-0.00983185760914885 -0.496789534257972 0
-0.0116074263911109 -0.64286526118761 0
-0.0282991653233582 -0.892787095399553 0
-0.0292872560097043 -1.0137536630847 0
-0.0220023888794337 -0.334895327460945 0
-0.0164252088628933 -0.598959848392993 0
-0.0181196443732886 -0.90911374145324 0
-0.0252940741466157 -1.0040116443513 0
-0.027733001119216 -0.810390117586645 0
-0.0339798908004252 -0.789617435776476 0
-0.0213738613418305 -0.800019055256433 0
-0.0403129114743727 -1.07277936229995 0
-0.0313631461284886 -0.897823581470604 0
-0.00220204168233617 -0.555176522085762 0
-0.0262227029484595 -0.827292590557907 0
-0.0309138494481802 -0.712358944622518 0
-0.0437157332120281 -0.66083342322149 0
-0.0298711200448343 -1.0155071249888 0
-0.0295268237302073 -0.989919756355701 0
-0.0534786746448584 -1.0691075086709 0
-0.0300102180093011 -0.789431446682824 0
-0.024618633827351 -0.796239919074214 0
-0.0281326088332086 -0.633269620037841 0
-0.021425128684976 -0.531806622982155 0
-0.0117122927867392 -0.328254351641959 0
-0.0164792211298641 -0.673640557768982 0
-0.0337279022568086 -1.04866509589731 0
-0.018750926493753 -0.662170560351179 0
-0.0469674286630855 -0.97876020875434 0
-0.0383107603123186 -0.929868413918409 0
-0.0339463582409941 -0.86072280291109 0
-0.0203948116676147 -0.43504545433995 0
-0.0220339971733359 -0.533409200911617 0
-0.0383952890241476 -0.765052538272242 0
-0.0151398950427749 -0.545149025374954 0
-0.0221668192049762 -0.906094348551096 0
-0.0133694098780819 -0.562386305327882 0
-0.025030430355943 -0.583826700020768 0
-0.0178157368100598 -0.749392361192489 0
-0.0549363129558644 -0.809873709140259 0
-0.0322989505535755 -0.990426500688921 0
-0.0344767675376782 -1.01955187139322 0
-0.0159376888335904 -0.666890369139884 0
-0.0229009179837778 -0.859189248756077 0
-0.0178305808081963 -0.729072730530042 0
-0.0377466758974364 -0.761297496670731 0
-0.0137023436141274 -0.534827376094351 0
-0.0241898982725291 -0.889432824758655 0
-0.0291553183288165 -0.784826624362651 0
-0.0148608055522151 -0.864728840629816 0
-0.0307134482628837 -0.830829896834686 0
-0.0289677847267162 -0.552776561777796 0
-0.0322303989328952 -0.765288097738316 0
-0.0415005815370904 -0.705746519402901 0
-0.0229931150914991 -0.573936764886677 0
-0.0163518395611609 -0.547733812096038 0
-0.0133642474780792 -0.789059477304074 0
-0.0232684615409733 -0.52263928191033 0
-0.0215453192646762 -0.623355613420619 0
-0.0248129039233966 -0.830429633805947 0
-0.0150164818171986 -0.609461522369592 0
-0.0234566980416337 -0.732426334200775 0
-0.0211330501946094 -0.817555602041554 0
-0.0125413974262374 -0.511940468736187 0
-0.0321076987926851 -1.17398360598597 0
-0.0129926240458097 -0.814104747305044 0
-0.0370025222730257 -0.496531319700348 0
-0.0243488996888536 -0.66180827387465 0
-0.0223991067108383 -0.671135839637734 0
-0.0225394948594335 -0.820890283684285 0
-0.0156803552370453 -0.593876094334565 0
-0.0196023690890743 -0.618009902435979 0
-0.0372553156941935 -0.776153473462854 0
-0.0208267314091112 -0.939805348180914 0
-0.0195683321675576 -0.607632620045634 0
-0.0172225400570183 -0.551620601959076 0
-0.0251527144401385 -0.550106837465738 0
-0.0203131752803112 -0.632678953814017 0
-0.0138636934965584 -0.680835461386474 0
-0.0350380595168526 -0.902075935824333 0
-0.00115898238106932 -0.61422882802288 0
-0.00766771649812705 -0.29506138407579 0
-0.0272629619296988 -0.652676615455694 0
-0.030349777572252 -0.954179668279193 0
-0.0187396331520608 -0.474402553817028 0
-0.021859082669403 -0.911336630528585 0
-0.0229021440118728 -0.445658091116615 0
-0.02742350067838 -0.727293378929133 0
-0.0210374188050196 -0.431339753068521 0
-0.0202460229409808 -0.734303712624768 0
-0.0330394649532985 -0.846897320135115 0
-0.00809336241587019 -0.287176559192482 0
-0.0129880094978518 -0.623404703781391 0
-0.0213208773672968 -0.752682187978608 0
-0.0255920033605123 -1.04973137688895 0
-0.0304400728965406 -0.737998488299389 0
-0.0234995352775387 -0.565527854761817 0
-0.0191586757658209 -0.440594559591705 0
-0.0238843372604761 -0.797074032980286 0
-0.0308914286711949 -0.696350309438808 0
-0.0330950150142851 -0.581460357845116 0
-0.0397312506252443 -0.81745237614949 0
-0.0238734210165162 -0.969290657009058 0
-0.0146604946569875 -0.36870856212671 0
-0.0225979488867862 -0.792877798718596 0
-0.0165517257335588 -0.601970692710254 0
-0.0382117895529154 -0.683007250159958 0
-0.0205083981256124 -0.744514285459893 0
-0.0210139165816299 -1.00558308191264 0
-0.0269692086915298 -0.700128351900039 0
-0.0331670338130322 -0.953010241703038 0
-0.033553914617602 -0.656300734629679 0
-0.0319945002818399 -0.782313284586242 0
-0.0354830843881689 -0.948632838966528 0
-0.0400308172415218 -0.74422131222163 0
-0.0135314676427386 -0.73918490586738 0
-0.038195827659741 -1.09798038255267 0
-0.0401846466119313 -1.06513437012314 0
-0.0145792379734171 -0.496194204064515 0
-0.0267456669080495 -0.54963544908079 0
-0.016357570790646 -0.793865948270137 0
-0.0233857382362352 -1.00263987246357 0
-0.0150833467543212 -0.493250431541985 0
-0.00206619283227147 -0.497412765157269 0
-0.0342726536363415 -0.635030509863482 0
-0.0140741676030454 -0.659333635973828 0
-0.0324865130663385 -1.30004587454961 0
-0.0211325231339254 -0.883199972915169 0
-0.0358158533250723 -0.766444724397347 0
-0.0311742228227673 -0.916068888522846 0
-0.0319389091992897 -0.397681930160402 0
-0.0202078320942453 -0.651085820803177 0
-0.0269953251253183 -0.717857658340513 0
-0.0131746962273686 -0.562230733972771 0
-0.0238245593594962 -0.440567189073212 0
-0.0239119075186114 -0.781212766614477 0
-0.0246411000314879 -0.705457243553701 0
-0.0290283449718033 -0.855173470889206 0
-0.030619694747341 -0.744138996258786 0
-0.0168769434247118 -0.755755845961985 0
-0.02299579122446 -0.62437179670143 0
-0.0326949809755566 -0.787346604707124 0
-0.0198978557236573 -0.794229833124446 0
-0.0166479746031782 -0.702481129767978 0
-0.0204320543925532 -0.414596180870692 0
-0.0228728070037858 -0.665217619776334 0
-0.026700452719055 -0.577214588236031 0
-0.0122492295656616 -0.598383763745977 0
-0.0168981882591937 -0.65428867904153 0
-0.0259027536199503 -0.778787024901453 0
-0.0187296519849125 -0.664338344672085 0
-0.0106630588416188 -0.627228652845729 0
-0.0169965336236371 -0.684410935899788 0
-0.023585155430242 -0.673551379022006 0
-0.0338432656316605 -0.830654935389839 0
-0.0331612280274364 -0.758317242413721 0
-0.0107593415955032 -0.904493608683394 0
-0.0266137099898056 -0.524341305861086 0
-0.0153565116685845 -0.507617779422681 0
-0.0121094996299992 -0.635227669163271 0
-0.0320026876895641 -0.577756274236774 0
-0.016452105659534 -0.71142066485183 0
-0.0138433317733605 -0.672017844144168 0
-0.015361704137487 -0.564516996160483 0
-0.0123111598746027 -0.408928191529641 0
-0.0194600991720493 -1.0468276090214 0
-0.011712367279653 -0.297829425097145 0
-0.0187592774919716 -0.807525765213181 0
-0.0125994520441277 -0.727551808319518 0
-0.0215389139802374 -0.778086220220094 0
-0.0185457374260279 -0.494718553336777 0
-0.0378554550093347 -0.659024717345947 0
-0.0284323883217404 -0.929860841910385 0
-0.0242641025736091 -0.876532628004327 0
-0.0310320537595047 -0.661188213815794 0
-0.0304398772778706 -0.574202304058241 0
-0.0285552818967322 -0.748298715651635 0
-0.0288174597496945 -0.872667632988233 0
-0.0318377226592528 -0.880826517814486 0
-0.0160872574965634 -0.739559240682261 0
-0.0210256138191764 -0.628196982206426 0
-0.0304916923623002 -0.986734630995819 0
-0.028812940974874 -1.01812448882563 0
-0.0117991325768843 -0.802388569607109 0
-0.0193427874641451 -0.685990683658771 0
-0.00410373410444812 -0.44616942490722 0
-0.0299159897186655 -0.926545350317337 0
-0.0184313420919061 -0.65919131832047 0
-0.0259200588333814 -0.564089715557084 0
-0.0406267038325184 -0.86494682327043 0
-0.020808810766385 -0.513857095260487 0
-0.0270540416926883 -0.751116430061188 0
-0.0236125495624444 -0.725158171290024 0
0.00052323858110646 -0.193778373235582 0
-0.0202518944953427 -0.664632204153031 0
-0.0182109532297311 -0.886977348159343 0
-0.0331925715941479 -0.664252089240576 0
-0.0348107388275111 -1.1389578191995 0
-0.00833607448833641 -0.410828873263955 0
-0.0187246422812124 -0.788771030551745 0
-0.0340817234266354 -0.816406094350648 0
-0.0232747011038737 -0.508891502473629 0
-0.0278962665078236 -0.7626621628886 0
-0.027935204525322 -0.609550286666551 0
-0.0286304593165274 -0.932776383449877 0
-0.0466957372556994 -1.00906073145669 0
-0.0399304800741456 -0.923733552904055 0
-0.0107045657200657 -0.660659865581688 0
-0.0389037912695045 -0.739123896613447 0
-0.017131416449032 -0.272128879147645 0
-0.0333678891176607 -0.565144000061332 0
-0.0269863817203123 -0.552463899011058 0
-0.0344060131546296 -1.22341769173318 0
-0.0278539785313452 -0.863950972981202 0
-0.0239085450865609 -0.871138183459381 0
-0.0396961980611744 -0.538860408413817 0
-0.0240666553419785 -0.739758337370852 0
-0.0199188869732649 -0.571264829940808 0
-0.0252800466265638 -0.756792918908577 0
-0.0249240948482846 -0.689721755810891 0
-0.0316344868087726 -0.9218411696079 0
-0.0404857990656609 -0.88976360478319 0
-0.0175852066948535 -0.965249615171278 0
-0.0253053290401461 -0.985441713741173 0
-0.0207753765660615 -1.16294175444028 0
-0.0249318039817761 -0.695171704193633 0
-0.0347211986074742 -0.842342332350831 0
-0.0177122703611355 -0.550570988266928 0
-0.0233915003333095 -0.742101384788048 0
-0.0193739641091831 -0.591358092889554 0
-0.0423382299638907 -0.785003250305344 0
-0.0322302682318124 -0.616214345757955 0
-0.0231554379753916 -0.552049172363227 0
-0.0101819187824159 -0.606602445644308 0
-0.0303746727292654 -0.636258698213778 0
-0.0263840406039835 -0.75839437674011 0
-0.0211927900660865 -0.539756029575917 0
-0.0295679597556539 -0.462506776380789 0
-0.0438847933513099 -0.995523538030771 0
-0.0304315861921087 -1.1905975857411 0
-0.0265405504636069 -0.833189102228646 0
-0.0266921585182122 -0.714522173564515 0
-0.0280005782630327 -0.616476530571728 0
-0.00244361228866754 -0.616043889662798 0
-0.0103961812769703 -0.644224099726702 0
-0.0361232064141191 -0.893958044584285 0
-0.0297399752177022 -0.624260252617136 0
-0.0337579652786767 -0.454815480261688 0
-0.0280886715512237 -0.852429327589003 0
-0.00992228429978708 -0.509110180786521 0
-0.0301703793612703 -1.06616291938822 0
-0.0199170380684336 -0.781558605420587 0
-0.0181511667440153 -0.743741239498248 0
-0.0230155678422678 -0.650564230665653 0
-0.0232391384941041 -0.829800119336055 0
-0.0318997035448304 -0.871973858669701 0
-0.0260234107298705 -0.736307567485432 0
-0.0142703999864401 -0.512944589884819 0
-0.0066319745406153 -0.359741027122443 0
-0.0264299077975609 -0.704635403084662 0
-0.021779255588597 -0.893182686626738 0
-0.0150085344783262 -0.620307357662011 0
-0.0412768262376072 -0.921775667988692 0
-0.0205115138145619 -0.725349804183523 0
-0.0277274907760554 -0.777710679113246 0
-0.0251095313163941 -0.741274413798465 0
-0.00811404433173896 -0.752681915354489 0
-0.0432568999595151 -0.999013590582293 0
-0.0194200210786671 -0.756093007798806 0
-0.0238682238175884 -0.750347196775004 0
-0.0220800993094126 -0.788715666793871 0
-0.0143530969886114 -0.508770291213863 0
-0.0313130335960052 -0.715703677398506 0
-0.0254236122529031 -0.654400909598578 0
-0.0137417148215959 -0.791369599420107 0
-0.00252395388995557 -0.576700563211329 0
-0.022466284957189 -0.64035366504326 0
-0.0215763330803198 -0.424844401310728 0
-0.015411556227493 -0.77663963816389 0
-0.03119624213211 -0.712854095110323 0
-0.0174643516868223 -0.720008726720043 0
-0.0306240975574765 -0.833483120970101 0
-0.0157187839104541 -0.535123004367583 0
-0.0277355888834219 -0.829544596922849 0
-0.0198295714618424 -0.735867953274977 0
-0.0231756748293398 -0.658013597051402 0
-0.0127556187155259 -0.627123112560279 0
-0.0163152541544999 -0.633188896471228 0
-0.028784083547639 -0.557556044848642 0
-0.0204280420898388 -0.689950246171482 0
-0.0260663895915782 -0.9073167909135 0
-0.0321900263864679 -0.919688127691417 0
-0.00973518243281511 -1.07939311417991 0
-0.00516052256041543 -0.800184771640685 0
-0.0197173433032175 -0.471940712698304 0
-0.0322570731626202 -0.798720243008794 0
-0.0284363561505693 -0.914017970264838 0
0.00386249238052637 -0.257496134873327 0
-0.0304396577141727 -0.864853336104095 0
-0.0136831103422377 -0.563220336347709 0
-0.0243434031208108 -0.998741535793137 0
-0.0331978843085299 -0.700371891102367 0
-0.0392114315168665 -0.855743736294315 0
-0.0292019563565047 -0.755384309193438 0
-0.0136535782579464 -0.420703843598189 0
-0.0177851743853797 -0.427775110609491 0
-0.0234295487026823 -0.715441046675962 0
-0.0442220625016379 -1.04772962490776 0
-0.0170671127780335 -0.764471566967257 0
-0.0173990909777772 -0.584200767883271 0
-0.0186130204830602 -0.625158378637122 0
-0.0141160465292171 -0.681273354463759 0
-0.024582907680987 -0.643789780569847 0
-0.0290025469726424 -0.636249715185148 0
-0.0153647878332138 -0.848091720702387 0
-0.0112450164059871 -0.551114510878471 0
-0.0408018889622564 -0.831036503755762 0
-0.0251481482558778 -0.870562925941822 0
-0.0180912718231781 -0.509036299860259 0
-0.0302756255841231 -0.851654065018766 0
-0.023945235838029 -0.647411664331122 0
-0.0168167905190384 -0.651133976652022 0
-0.0294085511445843 -1.17067477655165 0
-0.0248025646191025 -0.865014317564209 0
-0.0201587312719173 -0.69747780378778 0
-0.0282386071306239 -1.10781522752077 0
-0.0268607885223906 -1.03647499955411 0
-0.0308902467306412 -0.86463495283357 0
-0.00444822564177584 -0.653103693121235 0
-0.00851677109418624 -0.476603119741379 0
-0.0293479635247324 -0.993381771555096 0
-0.0274295045135531 -0.654277748090689 0
-0.0151995836672916 -0.75248270269235 0
-0.0234332478158359 -0.639308040615288 0
-0.0236527567531 -0.696140580818085 0
-0.0263728062014289 -0.677648890740981 0
-0.0190286129086084 -0.872387752017573 0
-0.0251634557710436 -0.714279542336268 0
-0.0258987048000025 -0.884316240409626 0
-0.0374397123493363 -0.762008633076693 0
-0.00162161071705322 -0.574165396530296 0
-0.0173561132463508 -0.493895730510133 0
-0.0190165628047593 -0.839140381964809 0
-0.0169835959665157 -0.414657803669166 0
-0.0219322479772758 -0.52442711243288 0
-0.0238401663365981 -0.896030352275195 0
-0.0169897432557401 -0.550619063276977 0
-0.0132442593182612 -0.457340008871566 0
-0.0340423984744236 -0.875144142969823 0
-0.0235213242897146 -0.819557560126612 0
-0.0173484359570927 -0.543040015903311 0
-0.029202256618327 -0.904087424531196 0
-0.0353510720481531 -0.815501697616245 0
-0.0273931684722754 -1.09589367681229 0
-0.0125649219410435 -0.727589119739016 0
-0.0332918822553602 -0.984380501519635 0
-0.0293976212531206 -0.774090189221668 0
-0.0325616656749175 -0.722535456675963 0
-0.0359809895110303 -0.676296636607663 0
-0.0168634531664297 -0.655972317384897 0
-0.0247865318104448 -0.522706028772439 0
-0.0354682055376843 -0.966867923907259 0
-0.0303582746603411 -0.979807203759359 0
-0.0101636090482097 -0.599234593784159 0
-0.0410791630557151 -0.813417903982913 0
-0.0199919312963876 -0.848879603723573 0
-0.0353975117584903 -0.60515991549275 0
-0.0236168111210322 -1.03168439341608 0
-0.0323639418587965 -0.72199087421348 0
-0.0266708264369996 -0.62812154579787 0
-0.00867394560239793 -0.350267013482749 0
-0.0193057376340594 -0.83098296461442 0
-0.0116170976308552 -0.386042675493498 0
-0.0285993131727311 -0.632713514017395 0
-0.0337082897930615 -0.545421641515855 0
-0.0352720055667014 -0.793276765120906 0
-0.0301070282144472 -0.811720865641861 0
-0.0239313441973785 -0.794120271075218 0
-0.0138143761111957 -0.530299420338856 0
-0.0205765149957492 -0.351269160651852 0
-0.0293709008961339 -0.760374626246626 0
-0.0154406330541794 -0.731932982442134 0
-0.0256410402352962 -0.710458569520258 0
-0.0327132516452189 -0.840543452099056 0
-0.0291802134699573 -0.759471616742978 0
-0.0251388879254398 -0.677326711802492 0
-0.0176258104997444 -0.692827435157198 0
-0.015357517143748 -0.372912929250399 0
-0.0249258028274451 -0.916803587923572 0
-0.0148195968276484 -0.925566126941669 0
-0.020767609479041 -0.675224048806476 0
-0.0300311553556646 -0.529028364538252 0
-0.0301066852602859 -0.762246460818685 0
-0.0177179180419916 -0.651506799417485 0
-0.0227201868264407 -0.680920570462457 0
-0.0349561900899578 -0.465347186461881 0
-0.0184150639490125 -0.562435385785756 0
-0.0351052545807505 -0.719784309117014 0
-0.0114117490663166 -0.635653828156029 0
-0.0220007921335625 -0.810061768772772 0
-0.0370488675729916 -0.85470713569897 0
-0.0141961447523922 -0.503339020064319 0
-0.0254827871142986 -0.859301830761947 0
-0.017502656171275 -0.996018128796311 0
-0.0172645822749563 -0.756157571539626 0
-0.0292762794504815 -0.880956682033518 0
-0.0275947194197816 -0.735132690941526 0
-0.041991295875207 -0.831798011590131 0
-0.0232387917120339 -0.572672221020698 0
0.00111977030790223 -0.379912613101518 0
-0.00844431994098905 -0.399748100811597 0
-0.0248809601735023 -0.755129470993169 0
-0.009355682494442 -0.630255909067506 0
-0.0341834340402518 -1.10172679432553 0
-0.0304381114964691 -0.726469833562424 0
-0.032195070544425 -1.03183779944365 0
-0.0358107432833374 -0.709866060936119 0
-0.0342486808978695 -0.815328528065572 0
-0.0174589658003 -0.624259235147817 0
0.00905692922202302 -0.651919871305833 0
-0.0446685468859243 -0.896213727402839 0
-0.0145064822397167 -0.820158674898726 0
-0.010107719084535 -0.461939122380456 0
-0.0244932201202617 -0.527481252648647 0
-0.0413646039000826 -1.07114906689648 0
-0.0267496100654499 -0.785855907813726 0
-0.0196406321804874 -0.707192304729654 0
-0.0177290612510344 -0.635618432020275 0
-0.036899365380016 -0.749853647359504 0
-0.0206706472119513 -0.856333714756755 0
-0.0209359017114132 -0.604143754208554 0
-0.0350981165631186 -0.684386470138532 0
-0.0143549107908105 -0.855114365811842 0
-0.0204090169685313 -0.852446853101126 0
-0.0318942677954353 -0.923687655028181 0
-0.0203019097215718 -0.807257276691606 0
-0.0318861465288431 -0.720136461402027 0
-0.00843971259526129 -0.562651320312367 0
-0.0189697872143655 -0.894272290038105 0
-0.0288543427643552 -0.749544693411588 0
-0.0424441107444532 -0.760984105072852 0
-0.0117922320734355 -0.755671344273985 0
-0.022065946960226 -0.802909122207398 0
-0.0197938433236723 -0.56820227578731 0
-0.0269418431754014 -0.685543799197022 0
-0.0234009903778932 -0.857436943801711 0
-0.0349933636421176 -0.855992241311869 0
-0.02616998713506 -0.732441285425252 0
-0.0317888833149361 -0.712421665374585 0
-0.0286858796152895 -0.900851159272713 0
-0.0180556230307607 -0.719506348556798 0
-0.0369959084343617 -0.698963977876223 0
-0.022738093902552 -0.741768918636394 0
-0.0180070097318463 -0.590484071727167 0
-0.0428021825859168 -0.887469800878209 0
-0.0320429487015439 -0.89874283929366 0
-0.0308944102877957 -0.556276792756989 0
-0.0171734061535743 -0.601458444245516 0
-0.00410979989503498 -0.724128869957005 0
-0.0247404630254899 -0.682255018278557 0
-0.0249853233558759 -0.897124300449287 0
-0.0335360334087234 -0.83480251440759 0
-0.0408124937489331 -0.993278740076556 0
-0.0187364796898225 -1.02660919247914 0
-0.0356922150465714 -0.906939772228063 0
-0.0303273210760317 -0.692391934627663 0
-0.0184657148632494 -0.373110834435744 0
-0.019288838400011 -0.371544812860966 0
-0.00944911764194468 -0.655973033009746 0
-0.0429047581009613 -0.958860725735553 0
-0.0244725166327276 -0.715060771540278 0
-0.0304246709226484 -0.634235233742116 0
-0.0275838407902396 -0.763324312361105 0
-0.0493693439696074 -1.07857249989733 0
-0.0680829582478658 -0.743095962757052 0
-0.0190675065501848 -0.558515232785457 0
-0.0418650090563436 -0.800027965416385 0
-0.0227383029608883 -1.14128162506132 0
-0.0314950795735503 -1.02906845638856 0
-0.0222528755713611 -0.396942441650655 0
-0.0381681763404265 -0.708406576208618 0
-0.0299697068647967 -0.719252574008259 0
-0.0380194747532629 -0.84476852237323 0
-0.00901024331111236 -0.400609663105691 0
-0.0190850940714856 -0.672835064223149 0
-0.0143007457176095 -0.62322979413632 0
-0.035501946178157 -0.917264707655961 0
-0.0226349795149801 -0.783106913702924 0
-0.0131711044324384 -0.442385782222648 0
-0.0324054851419826 -0.712451768235068 0
-0.0183959798709201 -0.541801491598329 0
-0.0147100281784798 -0.918384099143787 0
-0.0383354057794459 -1.32591546824819 0
-0.0208603374648711 -0.522965892729559 0
-0.00930771127951357 -0.509340815166925 0
-0.0232944630400086 -0.560978005390725 0
-0.0298435105426371 -0.60966680241523 0
-0.0180939820192713 -0.581951733493221 0
-0.0204784590445392 -0.556928802555293 0
-0.0514189842542064 -1.06802961962372 0
-0.0353217209331187 -1.14253510299435 0
-0.0194242727677307 -0.573867332979592 0
-0.0197287851786466 -0.709106023978811 0
-0.025662125709717 -0.816178023401334 0
-0.0216508457935493 -0.68588133590704 0
-0.0184141712244875 -0.433470661665558 0
-0.0186230009517561 -0.615650341291563 0
-0.0190678237296757 -0.386545555857612 0
-0.0145764530222137 -0.507859266088737 0
-0.0183076404132791 -0.785793389015378 0
-0.0221224058291747 -0.787441489365061 0
-0.0256180450565856 -0.809200074563666 0
-0.023535474043417 -0.417867769972863 0
-0.0191760044408897 -1.16515700679677 0
-0.0123080366354095 -0.637113994382052 0
-0.0443569842873639 -0.970381542256074 0
-0.0111310651225917 -0.544265611933377 0
-0.0148723425402208 -0.598578376098388 0
-0.0261268746461745 -0.682444093264268 0
-0.00564057153378809 -0.399854971341078 0
-0.0204871579227562 -0.61568284189422 0
-0.0217618361661999 -0.448283910706449 0
-0.0251065991544009 -0.799442518603813 0
-0.0330975380818065 -0.577102732552137 0
-0.0424622587604103 -1.04198982871217 0
-0.0268485192778243 -0.697918096113056 0
-0.0312297294089811 -0.810593986805898 0
-0.03788067934591 -0.767534280536043 0
-0.0367204741835749 -0.837119295541795 0
-0.0196257662631861 -0.586719247309905 0
-0.0090680985199357 -0.526559635415531 0
-0.0199251661216194 -0.600696856204527 0
-0.028033757175543 -0.825339148560952 0
-0.0136780858484722 -0.467995087012358 0
-0.0171930321646536 -0.495607719286169 0
-0.0172574227120863 -0.61588921006007 0
-0.0243723740918074 -0.529973090763278 0
-0.0168243388126363 -0.644080557079484 0
-0.0346029036008401 -0.884730299080219 0
-0.0152463918933154 -0.747826629424417 0
-0.0163019255744517 -0.555152928566691 0
-0.0222618370077772 -0.818604570511751 0
-0.0204922624265655 -0.967073484196571 0
-0.0322738483799055 -0.6893559831081 0
-0.0271909839088011 -0.958545047955651 0
-0.00952987661184933 -0.694456009394536 0
-0.019687443559163 -0.751535397654455 0
-0.0183488211838189 -0.582128114473699 0
-0.0291709797697258 -0.621702900956083 0
-0.0260946566348387 -0.984813474975751 0
-0.0190329717359011 -0.506714630295236 0
-0.0308689814514746 -1.12721092106854 0
-0.0254807836515174 -0.661001601107056 0
-0.0228459546799771 -0.621615051588051 0
-0.0221494831931133 -1.24813601113457 0
-0.019091739065694 -0.864675803416606 0
-0.0290350842550156 -0.708419068508348 0
-0.0139121425278078 -0.701148869335613 0
-0.0263137789093566 -0.941642296559224 0
-0.0464532300027749 -0.920613626281755 0
-0.0342314429774046 -0.759657311247512 0
-0.030505761601119 -0.744461492507528 0
-0.0501971162862362 -1.02896288967631 0
-0.0158616581208832 -0.894079151407286 0
-0.0560432267781155 -0.991555734577988 0
-0.0149235522805145 -0.476157743131433 0
-0.0238030390999528 -0.609408710339272 0
-0.0252798580383853 -0.707682570107767 0
-0.0259171696634013 -0.608534514485579 0
-0.0309030951316378 -0.752888435064102 0
-0.0103671874977469 -0.845335841387046 0
-0.0455271849311138 -0.946639507696354 0
-0.0203317176724678 -0.823512375221278 0
-0.0381177105652171 -0.754343721571764 0
-0.00841657435591803 -0.457919031658771 0
-0.0311976455107626 -0.732346987450044 0
-0.0160723811708708 -0.707330073173934 0
-0.0246430235080563 -0.622212185823093 0
-0.0156206172698189 -0.692862780387526 0
-0.0262086285287377 -0.647103778592741 0
-0.0242379347247191 -1.05941012093523 0
-0.0143024645428188 -0.753988562746016 0
-0.0257887442473134 -0.663433917015441 0
-0.0250633747189892 -0.824247653426301 0
-0.029727025347021 -0.794831629653261 0
-0.0282736191028894 -0.561405828537254 0
-0.0169767242078806 -0.465869790709556 0
-0.0172044380087332 -0.824414278076772 0
-0.00654224427304064 -0.521330504138951 0
-0.0236780420099933 -0.627379713404041 0
-0.0301253696715682 -0.984645705760766 0
-0.00842603159500004 -0.677589764519975 0
-0.0353336552594073 -0.787199468800579 0
-0.0174339239406419 -0.640412839916267 0
-0.0213061149168911 -0.551287310780583 0
-0.0295364255013886 -1.26734117251868 0
-0.0112334599150725 -0.597750997608547 0
-0.033383967799904 -1.05387341143503 0
-0.0405419780482288 -0.845780248640307 0
-0.0207553077115432 -0.610141742022109 0
-0.0194764065752391 -0.772381544974821 0
-0.0309306185806184 -0.606998161928272 0
-0.0261842150502557 -0.959476577894164 0
-0.0103276979360581 -0.30747023993105 0
-0.0404410486025633 -0.845197005071634 0
-0.0190931454410436 -0.877344354034054 0
-0.0255360579744628 -0.764049142296779 0
-0.0306453021040419 -1.1366045580514 0
-0.0323618599687271 -0.602491104754035 0
-0.0153452709635213 -0.526947594990678 0
-0.0467192332213282 -0.886730585353864 0
-0.0225666160644028 -0.810589136326044 0
-0.0109810887366098 -0.393903416389398 0
-0.0259822889812986 -0.809182872396494 0
-0.0322329650474911 -0.825395822233119 0
-0.0223676857064818 -0.852314839251746 0
-0.0209864131319314 -1.06186030162667 0
-0.0205691027698207 -0.52961229184587 0
-0.0144958297232605 -0.503608843549632 0
-0.0159510717812484 -0.564182538664541 0
-0.00741150700527738 -0.776241174041223 0
-0.00792152147722087 -0.584187657250791 0
-0.0469949040749035 -0.588854383403723 0
-0.046820228452167 -1.17575778433107 0
-0.0170657582273503 -0.535753702479216 0
-0.0220735215167138 -0.51333584461841 0
-0.0261632780872892 -0.967678038168726 0
-0.026236546966395 -0.742221668443297 0
-0.010735644940377 -0.476561145792286 0
-0.0226828671536223 -0.744426960267247 0
-0.0545569304655902 -0.75637889913976 0
-0.024857623502693 -0.846048694320099 0
-0.0225982258660622 -0.741730144375874 0
-0.0160201463192243 -0.370111478682062 0
-0.00882627082063379 -0.481331196044885 0
-0.0281831954422666 -0.542393434392167 0
-0.0458294761176819 -0.757849648682255 0
-0.0273565163011519 -0.992086324125316 0
-0.0261544539496086 -1.06768186815774 0
-0.0408056478581095 -1.00772109806586 0
-0.00650587093158686 -0.629620340901811 0
-0.0318763089587783 -1.07594649749136 0
-0.0247054173587189 -0.735960971539788 0
-0.0264432605185907 -0.813732275293921 0
-0.0303551871903954 -0.704867411239456 0
-0.0110374224864633 -0.645300238473092 0
-0.0205982199902897 -0.729455886129386 0
-0.0230675066045519 -0.870732890161509 0
-0.0254860872229023 -0.786603577905062 0
0.0017074078546055 -0.495969725731528 0
-0.0258477100033837 -0.54748564343123 0
-0.0204728113721022 -0.71175533640926 0
-0.0226054492423753 -0.832237161331091 0
-0.0324223595452116 -0.663919759859174 0
-0.0198429562643029 -0.501095404692732 0
-0.0298110103925638 -0.888462114728478 0
-0.0178037364519617 -0.644415863224036 0
-0.0316427086266379 -0.667724323221677 0
-0.0163413088054031 -0.461469787647082 0
-0.0232603595670355 -0.814142049279424 0
-0.0190076602614798 -0.70358705315678 0
-0.0170382446889593 -1.0321921468443 0
-0.032981930109255 -0.858633797805205 0
-0.0426787679569598 -0.289584302495438 0
-0.0281131049650398 -0.757128809910594 0
-0.0184090716914375 -0.656176997091266 0
-0.0352055063309133 -0.626577423250723 0
-0.0188418290793569 -0.350112988568745 0
-0.0276711090516773 -0.920428503381181 0
-0.0170133409546443 -0.781254786507065 0
-0.0237178259647027 -0.609584839606566 0
-0.0230492823040019 -0.600062186054007 0
-0.0183040115580042 -0.730489383901573 0
-0.0193999904853486 -0.793758534919837 0
-0.0243488010983477 -0.823567913985281 0
-0.0171879946732314 -0.690090802253442 0
-0.0247336271673993 -0.553448277848994 0
-0.0280975555511145 -0.842505355286816 0
-0.0184444371344607 -0.938015103699792 0
-0.0416064877561073 -1.05382535515021 0
-0.0224606264348066 -0.562155560399116 0
-0.0219598848611226 -0.547168737775139 0
-0.00687841967982114 -0.540859312215909 0
-0.0223296435848786 -0.739491681876088 0
-0.016519702762687 -1.06442920281233 0
-0.0197994492501159 -0.972793708134448 0
-0.0154548574056646 -0.627807552396294 0
-0.021124306379328 -0.789448459652664 0
-0.0266074851413742 -0.767989149857881 0
-0.0236249721509788 -0.86629136012731 0
-0.0227791218367154 -0.480781548722673 0
-0.0152388310214282 -0.995409114025422 0
-0.0289425129725203 -0.949292486324941 0
-0.0221207601897014 -0.947316246087568 0
-0.0318613329815455 -0.927433312380866 0
-0.0301099187615743 -0.952984991348299 0
-0.0100819011535338 -0.344441448543623 0
-0.0239595092186583 -0.848770199996748 0
-0.0327268849265967 -0.933023104232447 0
-0.0241780503271611 -0.622608929212997 0
-0.0261031690718904 -0.520291404349328 0
-0.0247920010085646 -0.90853096030244 0
-0.0387072344087926 -0.778218681148029 0
-0.0366876635454133 -0.999622398294085 0
-0.0187916479879244 -0.605177170840848 0
-0.0280595280331578 -0.841904230394212 0
-0.0232268517014109 -0.751089968553959 0
-0.0301647607225608 -1.16668417478621 0
-0.0351637760291302 -0.732176468900686 0
-0.0149405529794881 -0.412317861175952 0
-0.0236224409940055 -0.557285070278349 0
-0.0306818086888324 -0.53177495879149 0
-0.0264273693117323 -0.557518114941436 0
-0.00954467140195934 -0.637748712611201 0
-0.0245091036137291 -0.699380004374696 0
-0.0186282047450282 -0.432148354124743 0
-0.0349841640821278 -0.880675335448565 0
-0.0122083499532976 -0.255498384901076 0
-0.0097321125002715 -0.842779301080071 0
-0.021617218517893 -0.877014461436595 0
-0.0231055095424183 -0.982614077170015 0
-0.00623552095194574 -0.374164784678651 0
-0.0289445012061438 -0.839367321444429 0
-0.0427267421931002 -0.741426993458939 0
-0.0238242348271234 -0.878221880542691 0
-0.0315174528583089 -0.628237592734549 0
-0.0139905004509523 -0.72128054617714 0
-0.0132313531743664 -0.512801943621502 0
-0.00914088805393958 -0.330200188517694 0
-0.0225756760978424 -0.580981842801562 0
-0.0127072434003659 -0.515629698930947 0
-0.0128724825943095 -0.516149318418002 0
-0.02425194369576 -1.02848609743562 0
-0.0372486658848518 -0.871199151007852 0
-0.0263591737447789 -0.813162638585864 0
-0.0213083851558145 -0.768116612193647 0
-0.0242760263143092 -0.439955076106053 0
-0.0168983914190602 -0.735575392205132 0
-0.034960385483249 -0.806957788822874 0
-0.0326802623843595 -0.712766151008126 0
-0.0218399420741388 -0.948125225720505 0
-0.0194311750105203 -0.78889186349576 0
-0.0263820077605583 -0.627657260089892 0
-0.0137831964519898 -0.797284176412793 0
-0.0238933609112862 -0.823523283878402 0
-0.036596071481818 -1.09503136580295 0
-0.0413390043279365 -0.901496867359577 0
-0.0164588053539468 -0.5822973767784 0
-0.0310716886387528 -0.491013865812062 0
-0.0105039619792835 -0.646462922334568 0
-0.0217672645308837 -0.953796939303955 0
-0.0195009699834776 -0.543607054024138 0
-0.0246546387413647 -0.612478399823403 0
-0.0267376248148442 -1.04219235842165 0
-0.0208481192357204 -0.423944268121073 0
-0.01857673939826 -0.607371587662958 0
-0.0275011391470951 -0.637182952712895 0
-0.0200517373524347 -0.803022779791731 0
-0.00889667331050846 -0.684875930677734 0
-0.00372314478694972 -0.592514310322952 0
-0.0359440435987905 -0.80169307182095 0
-0.0136592823418538 -0.803346285566116 0
-0.0233429486029449 -0.510162288121811 0
-0.033235270527105 -0.770525273867238 0
-0.026139525200036 -0.728844885436022 0
-0.0274834892938369 -0.816782749448908 0
-0.0288579763199935 -0.702739695056874 0
-0.00233385911970797 -0.950202083544864 0
-0.0235317169766358 -0.664813600173365 0
-0.0183259636169268 -0.761704960874689 0
-0.0114760130088074 -0.313869296737561 0
-0.00392781023948466 -0.641669904037842 0
-0.0299940454815263 -0.730082650153675 0
-0.0283226735273688 -0.864483562220974 0
-0.0441602576223938 -0.844966411241171 0
-0.027339130524044 -0.618393118201729 0
0.00393495394874176 -0.64036774481306 0
-0.0179514204446894 -0.887853206998302 0
-0.0225204265224013 -0.500715948360099 0
-0.0132756321983263 -0.586903307380854 0
-0.0308609520807228 -0.803671524721053 0
-0.0205817650430255 -0.533332276045602 0
-0.0294999085805222 -0.897638538936552 0
-0.0249312726906942 -0.667384530500767 0
-0.0220013324348036 -0.692985481578437 0
-0.0176830576448592 -0.634908335381554 0
-0.0171136048941427 -0.996991876596256 0
-0.0305812217862813 -0.545742535997105 0
-0.0185005785119724 -0.622154710944035 0
-0.0257135685793928 -0.852621642274798 0
-0.0294014661835406 -0.485165793872554 0
-0.0217995456523088 -0.749110769512814 0
-0.0280911478053573 -0.449413429361299 0
-0.0118050997045198 -0.503188652250304 0
-0.0437945244205665 -1.08140759528692 0
-0.035479695107998 -0.827954203738732 0
-0.0296911756592006 -0.759581078222766 0
-0.0387604018810185 -0.966688642065021 0
-0.0240078001246241 -0.515006300288273 0
-0.0398591845374047 -0.953978251151798 0
-0.0331076785707453 -0.772833319802773 0
-0.0181592198540265 -0.6513749874355 0
-0.0310377273312821 -0.712623765906998 0
-0.0143779983662127 -0.598276828302458 0
-0.0364184600954006 -0.544423232297025 0
-0.0241304038834796 -0.459105142260364 0
-0.0346288215318403 -1.01504872474307 0
-0.0240529044254839 -0.897663417718679 0
-0.0200127457370605 -0.769121692001852 0
-0.0142593962001019 -0.575389345424744 0
-0.0228536127215075 -0.546156693133491 0
-0.0120041024335355 -0.472800702088528 0
-0.0119356113863707 -0.625598380944275 0
-0.0200411659877008 -0.517633441308568 0
-0.0287399587095171 -0.62960139086214 0
-0.0158816318359917 -0.505113928578155 0
-0.0251635867470364 -0.852360980968102 0
-0.0124181227364967 -1.08928614520488 0
-0.0305313311019899 -0.716648804788024 0
-0.0299971912168757 -0.852813949020493 0
-0.0154308380666914 -0.746889402677993 0
-0.0252791027127373 -0.511685445240123 0
-0.0186802761986824 -1.15326073189065 0
-0.0385441538319535 -0.80777329644681 0
-0.0258296437258749 -0.862745484781115 0
-0.036674518676999 -0.842406850999623 0
-0.0208469467694592 -0.964582680957438 0
-0.0251480647541478 -0.622690438973207 0
-0.00097158137998752 -0.417991065028478 0
-0.0308605155155085 -0.42542949793607 0
-0.0360622485460509 -1.08544894935624 0
-0.0331395088696299 -0.901539925986446 0
-0.029306734771142 -1.00353184528483 0
-0.00935692652983593 -0.39981152340751 0
-0.0042553588077771 -0.470265751095423 0
-0.0259356752873116 -0.598949656355195 0
-0.0394524066150994 -0.74304515901624 0
-0.0263457309469266 -0.638288536290334 0
-0.0266098007657526 -0.986057813391444 0
-0.026360090815193 -1.32530073988628 0
-0.0271177925656531 -0.652521461960048 0
-0.0147085215715108 -0.290075565633397 0
-0.0376105776028552 -0.565462044084454 0
-0.0213620758070607 -1.01329479560507 0
-0.0290095775494231 -0.820289781291272 0
-0.0190021329163084 -0.710777914338032 0
-0.0268217736545454 -0.914709644545378 0
-0.0244424894443887 -0.66518200670164 0
-0.0240479762867635 -0.543203787746321 0
-0.0286409179880746 -0.658223655303605 0
-0.0181774571893997 -0.589782407518662 0
-0.0190332912837569 -0.295086114551397 0
-0.01322644508169 -0.691877412492292 0
-0.0129928482072663 -0.722429406929259 0
-0.0193276721295066 -0.322959156886181 0
-0.024589768519947 -0.849050687768263 0
-0.0104205514379674 -0.712501454906769 0
-0.0334027420472416 -1.01583296322452 0
-0.0295383733352021 -0.672813894219523 0
-0.0246196449900451 -0.969705680874773 0
-0.0334844035423172 -0.789358748127311 0
-0.0226916508723454 -0.436537424408648 0
-0.020811053392119 -0.760163294297264 0
-0.0283949047218475 -1.09275076006027 0
-0.0156474301796253 -0.526489912230924 0
-0.0316788553536236 -0.704120043301746 0
-0.0405129355549537 -0.918459662734918 0
-0.0429732864154085 -0.90624483278202 0
-0.0273218460747771 -0.944322553492133 0
-0.0188167740218639 -0.787940517937839 0
-0.020281009113117 -0.671742231740553 0
-0.0471062678069811 -0.748132126725851 0
-0.0163457045844025 -0.676543757098822 0
-0.0243564674766106 -0.768060244328491 0
-0.017197143070925 -0.308887358198727 0
-0.0171496011107793 -0.795200855972317 0
-0.0270081402927529 -0.851583542174997 0
-0.0183503539611251 -0.533717584605598 0
-0.0110374220492108 -0.532100546441285 0
-0.011600069803788 -0.676836839584633 0
-0.0131956413444021 -0.491636253216036 0
-0.0327955206365481 -0.871358657043889 0
-0.00570481078112058 -0.569053762523685 0
-0.0180010087707401 -0.662092496044737 0
-0.0320261729525048 -0.754737308407868 0
-0.0252581097996134 -0.971031402533252 0
-0.0234019644756621 -0.862857419056014 0
-0.0191534864349788 -0.794813443783736 0
-0.0455755169088776 -1.00452008162645 0
-0.0211535788135227 -1.12663273090473 0
-0.0145623238055032 -0.511639562294957 0
-0.0268280251659967 -0.743239986198941 0
-0.0250541863113041 -0.828468709100197 0
-0.0299269581522149 -0.884341536409953 0
0.000399348333163037 -0.534496935975816 0
-0.0243049306846174 -0.698495357825788 0
-0.00180261596343374 -0.585232133542252 0
-0.0129659557270946 -0.811493384926247 0
-0.023946602203415 -0.619426913906448 0
-0.0173589478882399 -0.500187644201971 0
-0.0228313762054741 -0.55281881001174 0
-0.0236969991644191 -0.973383947193559 0
-0.039430733924311 -0.532533717761431 0
-0.0256172636085788 -0.687582210919249 0
-0.0298793549930553 -0.948814238098784 0
-0.0229949600387378 -0.742220917488432 0
-0.0272311391262123 -0.738205277094462 0
-0.037771944858399 -0.518739830336737 0
-0.0303804381978694 -1.02184273970217 0
-0.0292949068178785 -0.850670971292297 0
-0.0282516707023469 -0.479312834956475 0
-0.030687374559347 -0.638432059222612 0
-0.0297738688450705 -0.731225161304472 0
-0.00359758562297005 -0.759054355932738 0
-0.0194166464632203 -0.70236683770444 0
-0.0379389024361355 -1.23165767015141 0
-0.0158902936520323 -0.456869555765837 0
-0.0348950857206121 -0.618027823944402 0
-0.0342424759047287 -0.902213138172333 0
-0.0161391283374526 -0.475073830436587 0
-0.0240218151322939 -0.797807745690908 0
-0.0347447642521605 -0.884382060491195 0
-0.022400061129715 -0.46812536673867 0
-0.0412554309408327 -0.862776347529061 0
-0.0193573586602892 -0.704998180246191 0
-0.011746708457291 -0.378938717797337 0
-0.0160946928325695 -0.492113645446338 0
-0.0226158953503946 -1.00238031382438 0
-0.0153100851593209 -0.710491957721108 0
-0.0225278606102494 -0.63781122766224 0
-0.00996353052733183 -0.266166747214136 0
-0.0259601498010898 -0.707187082261008 0
-0.0229159802427177 -0.762597877315926 0
-0.0166063334426352 -0.567329680041442 0
-0.0267522599607736 -0.435909684512327 0
-0.026060786651154 -0.803147531874396 0
-0.0295025166179992 -0.918706383053197 0
-0.0341679296192941 -0.731986959367574 0
-0.0319021082455822 -0.901084214125124 0
-0.0268857805443998 -0.636115836151973 0
-0.0303865795034733 -0.785113724323309 0
-0.00529677500370115 -0.373908158106115 0
-0.0172879744628899 -0.464865270498427 0
-0.0343397573502262 -0.823420156220815 0
-0.014487616944154 -0.392827006916875 0
